-0.00170471 -0.0613339 0.998116 0.164305
-0.998093 0.0616923 0.0020863 -0.126376
-0.0617041 -0.996209 -0.0613221 0.287046
0 0 0 1
-0.00215315 -0.0763873 0.997076 0.158662
-0.998124 0.0611787 0.00253158 -0.123112
-0.0611932 -0.9952 -0.0763757 0.288676
0 0 0 1
-0.00259382 -0.0914236 0.995809 0.153019
-0.998154 0.0606585 0.00296903 -0.119849
-0.0606757 -0.993963 -0.0914122 0.290305
0 0 0 1
-0.00302661 -0.106439 0.994315 0.147376
-0.998185 0.0601317 0.00339858 -0.116585
-0.0601515 -0.992499 -0.106428 0.291935
0 0 0 1
-0.00345143 -0.121431 0.992594 0.141733
-0.998215 0.0595984 0.00382011 -0.113321
-0.0596209 -0.990809 -0.12142 0.293564
0 0 0 1
-0.00386818 -0.136395 0.990647 0.13609
-0.998246 0.0590589 0.00423353 -0.110057
-0.0590839 -0.988893 -0.136384 0.295194
0 0 0 1
-0.00427677 -0.151328 0.988474 0.130447
-0.998276 0.0585131 0.00463875 -0.106794
-0.0585407 -0.98675 -0.151318 0.296823
0 0 0 1
-0.0046771 -0.166227 0.986076 0.124804
-0.998306 0.0579613 0.00503568 -0.10353
-0.0579913 -0.984383 -0.166217 0.298453
0 0 0 1
-0.00506908 -0.181088 0.983454 0.119161
-0.998336 0.0574035 0.00542421 -0.100266
-0.057436 -0.98179 -0.181078 0.300082
0 0 0 1
-0.00545262 -0.195909 0.980607 0.113518
-0.998366 0.0568399 0.00580428 -0.0970023
-0.0568748 -0.978973 -0.195898 0.301712
0 0 0 1
-0.00582764 -0.210684 0.977537 0.107875
-0.998396 0.0562707 0.00617578 -0.0937385
-0.0563078 -0.975933 -0.210674 0.303342
0 0 0 1
-0.00619405 -0.225412 0.974244 0.102232
-0.998426 0.0556959 0.00653864 -0.0904748
-0.0557352 -0.97267 -0.225402 0.304971
0 0 0 1
-0.00655176 -0.240089 0.970729 0.0965886
-0.998456 0.0551156 0.00689277 -0.087211
-0.0551572 -0.969185 -0.240079 0.306601
0 0 0 1
-0.00690069 -0.254711 0.966993 0.0909456
-0.998486 0.0545301 0.00723809 -0.0839472
-0.0545738 -0.965478 -0.254702 0.30823
0 0 0 1
-0.00724077 -0.269275 0.963036 0.0853025
-0.998515 0.0539394 0.00757452 -0.0806835
-0.0539852 -0.961552 -0.269266 0.30986
0 0 0 1
-0.00757192 -0.283779 0.95886 0.0796595
-0.998545 0.0533437 0.00790199 -0.0774197
-0.0533916 -0.957405 -0.28377 0.311489
0 0 0 1
-0.00789405 -0.298217 0.954465 0.0740164
-0.998574 0.0527431 0.00822041 -0.074156
-0.0527929 -0.95304 -0.298208 0.313119
0 0 0 1
-0.0082071 -0.312588 0.949853 0.0683734
-0.998603 0.0521378 0.00852973 -0.0708922
-0.0521895 -0.948457 -0.312579 0.314748
0 0 0 1
-0.008511 -0.326888 0.945025 0.0627303
-0.998633 0.0515278 0.00882986 -0.0676284
-0.0515814 -0.943657 -0.326879 0.316378
0 0 0 1
-0.00880568 -0.341113 0.939981 0.0570873
-0.998661 0.0509134 0.00912074 -0.0643647
-0.0509688 -0.938642 -0.341105 0.318007
0 0 0 1
-0.00909106 -0.355261 0.934723 0.0514442
-0.99869 0.0502946 0.00940231 -0.0611009
-0.0503518 -0.933413 -0.355253 0.319637
0 0 0 1
-0.00936709 -0.369328 0.929252 0.0458011
-0.998719 0.0496716 0.00967449 -0.0578371
-0.0497305 -0.927971 -0.36932 0.321266
0 0 0 1
-0.0096337 -0.383311 0.923569 0.0401581
-0.998747 0.0490446 0.00993722 -0.0545734
-0.0491052 -0.922316 -0.383303 0.322896
0 0 0 1
-0.00989083 -0.397207 0.917676 0.034515
-0.998775 0.0484137 0.0101905 -0.0513096
-0.0484758 -0.916451 -0.397199 0.324526
0 0 0 1
-0.0101384 -0.411012 0.911574 0.028872
-0.998803 0.0477791 0.0104341 -0.0480459
-0.0478427 -0.910377 -0.411005 0.326155
0 0 0 1
-0.0103764 -0.424724 0.905263 0.0232289
-0.998831 0.0471408 0.0106682 -0.0447821
-0.0472058 -0.904095 -0.424717 0.327785
0 0 0 1
-0.0106048 -0.438339 0.898747 0.0175859
-0.998859 0.046499 0.0108926 -0.0415183
-0.0465655 -0.897606 -0.438332 0.329414
0 0 0 1
-0.0108234 -0.451855 0.892026 0.0119428
-0.998886 0.0458539 0.0111072 -0.0382546
-0.0459217 -0.890912 -0.451848 0.331044
0 0 0 1
-0.0110323 -0.465267 0.885102 0.00629979
-0.998914 0.0452057 0.0113121 -0.0349908
-0.0452748 -0.884015 -0.46526 0.332673
0 0 0 1
-0.0112314 -0.478574 0.877975 0.000656738
-0.998941 0.0445544 0.0115072 -0.0317271
-0.0446247 -0.876916 -0.478567 0.334303
0 0 0 1
-0.0114207 -0.491772 0.870649 -0.00498631
-0.998967 0.0439002 0.0116924 -0.0284633
-0.0439717 -0.869617 -0.491765 0.335932
0 0 0 1
-0.0116 -0.504857 0.863125 -0.0106294
-0.998994 0.0432433 0.0118677 -0.0251995
-0.0433158 -0.862119 -0.504851 0.337562
0 0 0 1
-0.0117695 -0.517828 0.855404 -0.0162724
-0.99902 0.0425838 0.0120331 -0.0219358
-0.0426574 -0.854424 -0.517822 0.339191
0 0 0 1
-0.0119289 -0.530681 0.847488 -0.0219155
-0.999047 0.0419218 0.0121885 -0.018672
-0.0419964 -0.846534 -0.530675 0.340821
0 0 0 1
-0.0120784 -0.543413 0.839378 -0.0275585
-0.999072 0.0412576 0.0123338 -0.0154083
-0.0413331 -0.838451 -0.543408 0.34245
0 0 0 1
-0.0122178 -0.556022 0.831078 -0.0332015
-0.999098 0.0405913 0.0124691 -0.0121445
-0.0406676 -0.830176 -0.556016 0.34408
0 0 0 1
-0.0123472 -0.568504 0.822588 -0.0388446
-0.999123 0.039923 0.0125944 -0.00888075
-0.0400001 -0.821712 -0.568498 0.34571
0 0 0 1
-0.0124665 -0.580856 0.813911 -0.0444876
-0.999148 0.0392528 0.0127095 -0.005617
-0.0393307 -0.813059 -0.580851 0.347339
0 0 0 1
-0.0125756 -0.593076 0.805048 -0.0501307
-0.999173 0.038581 0.0128145 -0.00235324
-0.0386595 -0.804222 -0.593071 0.348969
0 0 0 1
-0.0126746 -0.605161 0.796002 -0.0557737
-0.999198 0.0379077 0.0129093 0.00091052
-0.0379868 -0.7952 -0.605156 0.350598
0 0 0 1
-0.0127634 -0.617108 0.786775 -0.0614168
-0.999222 0.037233 0.0129939 0.00417428
-0.0373127 -0.785997 -0.617103 0.352228
0 0 0 1
-0.012842 -0.628915 0.777368 -0.0670598
-0.999246 0.0365571 0.0130684 0.00743804
-0.0366372 -0.776614 -0.62891 0.353857
0 0 0 1
-0.0129104 -0.640578 0.767784 -0.0727029
-0.99927 0.0358801 0.0131326 0.0107018
-0.0359607 -0.767054 -0.640574 0.355487
0 0 0 1
-0.0129686 -0.652096 0.758026 -0.0783459
-0.999293 0.0352022 0.0131866 0.0139656
-0.0352831 -0.757319 -0.652091 0.357116
0 0 0 1
-0.0130166 -0.663465 0.748094 -0.083989
-0.999316 0.0345236 0.0132303 0.0172293
-0.0346048 -0.747411 -0.663461 0.358746
0 0 0 1
-0.0130543 -0.674683 0.737992 -0.089632
-0.999339 0.0338444 0.0132638 0.0204931
-0.0339258 -0.737332 -0.674679 0.360375
0 0 0 1
-0.0130817 -0.685747 0.727723 -0.0952751
-0.999362 0.0331648 0.0132871 0.0237568
-0.0332463 -0.727084 -0.685743 0.362005
0 0 0 1
-0.0130989 -0.696655 0.717287 -0.100918
-0.999384 0.0324848 0.0133 0.0270206
-0.0325665 -0.716671 -0.696651 0.363634
0 0 0 1
-0.0131057 -0.707404 0.706688 -0.106561
-0.999406 0.0318048 0.0133027 0.0302843
-0.0318864 -0.706093 -0.7074 0.365264
0 0 0 1
-0.0131024 -0.717992 0.695928 -0.112204
-0.999427 0.0311247 0.0132951 0.0335481
-0.0312064 -0.695355 -0.717989 0.366893
0 0 0 1
-0.0130887 -0.728417 0.685009 -0.117847
-0.999448 0.0304449 0.0132773 0.0368119
-0.0305264 -0.684457 -0.728414 0.368523
0 0 0 1
-0.0130648 -0.738676 0.673934 -0.12349
-0.999469 0.0297653 0.0132492 0.0400756
-0.0298467 -0.673404 -0.738672 0.370153
0 0 0 1
-0.0130306 -0.748766 0.662706 -0.129133
-0.99949 0.0290863 0.0132108 0.0433394
-0.0291675 -0.662196 -0.748763 0.371782
0 0 0 1
-0.0129862 -0.758686 0.651327 -0.134776
-0.99951 0.0284079 0.0131622 0.0466031
-0.0284888 -0.650837 -0.758683 0.373412
0 0 0 1
-0.0129315 -0.768433 0.6398 -0.140419
-0.99953 0.0277304 0.0131033 0.0498669
-0.0278109 -0.639329 -0.76843 0.375041
0 0 0 1
-0.0128666 -0.778005 0.628127 -0.146063
-0.999549 0.0270537 0.0130342 0.0531307
-0.0271338 -0.627676 -0.778002 0.376671
0 0 0 1
-0.0127915 -0.787399 0.61631 -0.151706
-0.999568 0.0263782 0.0129549 0.0563944
-0.0264578 -0.615878 -0.787397 0.3783
0 0 0 1
-0.0127062 -0.796615 0.604354 -0.157349
-0.999587 0.025704 0.0128654 0.0596582
-0.025783 -0.603941 -0.796612 0.37993
0 0 0 1
-0.0126107 -0.805649 0.59226 -0.162992
-0.999605 0.0250311 0.0127657 0.0629219
-0.0251096 -0.591865 -0.805646 0.381559
0 0 0 1
-0.012505 -0.814499 0.58003 -0.168635
-0.999623 0.0243599 0.0126559 0.0661857
-0.0244377 -0.579654 -0.814496 0.383189
0 0 0 1
-0.0123892 -0.823163 0.567669 -0.174278
-0.999641 0.0236903 0.012536 0.0694495
-0.0237674 -0.56731 -0.823161 0.384818
0 0 0 1
-0.0122633 -0.831641 0.555179 -0.179921
-0.999658 0.0230227 0.0124059 0.0727132
-0.023099 -0.554837 -0.831638 0.386448
0 0 0 1
-0.0121273 -0.839928 0.542562 -0.185564
-0.999675 0.0223571 0.0122658 0.075977
-0.0224325 -0.542237 -0.839926 0.388077
0 0 0 1
-0.0119813 -0.848024 0.529822 -0.191207
-0.999691 0.0216936 0.0121157 0.0792407
-0.0217681 -0.529513 -0.848023 0.389707
0 0 0 1
-0.0118252 -0.855928 0.516961 -0.19685
-0.999707 0.0210325 0.0119555 0.0825045
-0.021106 -0.516668 -0.855926 0.391337
0 0 0 1
-0.0116592 -0.863636 0.503982 -0.202493
-0.999723 0.0203739 0.0117854 0.0857682
-0.0204464 -0.503705 -0.863634 0.392966
0 0 0 1
-0.0114832 -0.871147 0.490888 -0.208136
-0.999738 0.0197179 0.0116054 0.089032
-0.0197893 -0.490627 -0.871145 0.394596
0 0 0 1
-0.0112974 -0.87846 0.477683 -0.213779
-0.999753 0.0190647 0.0114155 0.0922958
-0.0191349 -0.477436 -0.878458 0.396225
0 0 0 1
-0.0111016 -0.885572 0.464369 -0.219422
-0.999768 0.0184144 0.0112157 0.0955595
-0.0184834 -0.464137 -0.885571 0.397855
0 0 0 1
-0.0108961 -0.892483 0.45095 -0.225065
-0.999782 0.0177672 0.0110062 0.0988233
-0.0178349 -0.450731 -0.892482 0.399484
0 0 0 1
-0.0106808 -0.89919 0.437427 -0.230708
-0.999795 0.0171232 0.0107869 0.102087
-0.0171896 -0.437222 -0.899189 0.401114
0 0 0 1
-0.0104557 -0.905693 0.423805 -0.236351
-0.999808 0.0164826 0.0105579 0.105351
-0.0165476 -0.423614 -0.905692 0.402743
0 0 0 1
-0.010221 -0.911989 0.410087 -0.241994
-0.999821 0.0158456 0.0103192 0.108615
-0.0159091 -0.409908 -0.911988 0.404373
0 0 0 1
-0.00997672 -0.918077 0.396275 -0.247637
-0.999834 0.0152122 0.010071 0.111878
-0.0152742 -0.396109 -0.918076 0.406002
0 0 0 1
-0.00972285 -0.923957 0.382374 -0.25328
-0.999846 0.0145826 0.00981323 0.115142
-0.014643 -0.382219 -0.923956 0.407632
0 0 0 1
-0.00945948 -0.929625 0.368385 -0.258923
-0.999857 0.0139569 0.00954599 0.118406
-0.0140157 -0.368242 -0.929624 0.409261
0 0 0 1
-0.00918667 -0.935082 0.354312 -0.264566
-0.999868 0.0133354 0.00926933 0.12167
-0.0133925 -0.35418 -0.935081 0.410891
0 0 0 1
-0.00890449 -0.940326 0.340159 -0.27021
-0.999879 0.0127181 0.00898332 0.124933
-0.0127734 -0.340038 -0.940325 0.412521
0 0 0 1
-0.00861299 -0.945355 0.325929 -0.275853
-0.999889 0.0121052 0.00868802 0.128197
-0.0121587 -0.325818 -0.945354 0.41415
0 0 0 1
-0.00831224 -0.950169 0.311624 -0.281496
-0.999899 0.0114968 0.00838351 0.131461
-0.0115484 -0.311523 -0.950169 0.41578
0 0 0 1
-0.00800232 -0.954767 0.297248 -0.287139
-0.999908 0.0108931 0.00806984 0.134725
-0.0109428 -0.297156 -0.954766 0.417409
0 0 0 1
-0.00768328 -0.959147 0.282805 -0.292782
-0.999917 0.0102941 0.0077471 0.137988
-0.0103418 -0.282722 -0.959146 0.419039
0 0 0 1
-0.00735522 -0.963308 0.268298 -0.298425
-0.999925 0.00970011 0.00741535 0.141252
-0.00974579 -0.268223 -0.963307 0.420668
0 0 0 1
-0.00701819 -0.96725 0.25373 -0.304068
-0.999933 0.00911117 0.00707468 0.144516
-0.00915475 -0.253663 -0.967249 0.422298
0 0 0 1
-0.00667228 -0.970971 0.239104 -0.309711
-0.999941 0.00852744 0.00672515 0.14778
-0.00856887 -0.239045 -0.970971 0.423927
0 0 0 1
-0.00631757 -0.974471 0.224423 -0.315354
-0.999948 0.00794904 0.00636685 0.151043
-0.00798827 -0.224371 -0.974471 0.425557
0 0 0 1
-0.00595413 -0.977749 0.209692 -0.320997
-0.999955 0.00737611 0.00599987 0.154307
-0.00741308 -0.209647 -0.977749 0.427186
0 0 0 1
-0.00558206 -0.980805 0.194913 -0.32664
-0.999961 0.00680878 0.00562427 0.157571
-0.00684343 -0.194874 -0.980804 0.428816
0 0 0 1
-0.00520142 -0.983636 0.18009 -0.332283
-0.999967 0.00624718 0.00524016 0.160835
-0.00627947 -0.180057 -0.983636 0.430445
0 0 0 1
-0.00481232 -0.986244 0.165226 -0.337926
-0.999972 0.00569143 0.00484762 0.164098
-0.00572131 -0.165198 -0.986244 0.432075
0 0 0 1
-0.00441484 -0.988627 0.150325 -0.343569
-0.999977 0.00514167 0.00444673 0.167362
-0.00516908 -0.150301 -0.988627 0.433705
0 0 0 1
-0.00400908 -0.990784 0.135389 -0.349212
-0.999981 0.00459802 0.00403759 0.170626
-0.0046229 -0.13537 -0.990784 0.435334
0 0 0 1
-0.00359511 -0.992716 0.120423 -0.354855
-0.999985 0.0040606 0.00362029 0.17389
-0.00408291 -0.120408 -0.992716 0.436964
0 0 0 1
-0.00317304 -0.994422 0.10543 -0.360498
-0.999989 0.00352954 0.00319493 0.177153
-0.00354923 -0.105418 -0.994422 0.438593
0 0 0 1
-0.00274297 -0.995901 0.0904123 -0.366141
-0.999992 0.00300495 0.00276161 0.180417
-0.00302197 -0.090404 -0.995901 0.440223
0 0 0 1
-0.00230499 -0.997153 0.0753747 -0.371784
-0.999994 0.00248696 0.00232042 0.183681
-0.00250126 -0.0753689 -0.997153 0.441852
0 0 0 1
-0.0018592 -0.998177 0.0603201 -0.377427
-0.999996 0.00197568 0.00187146 0.186945
-0.00198722 -0.0603164 -0.998177 0.443482
0 0 0 1
-0.00140571 -0.998975 0.045252 -0.38307
-0.999998 0.00147124 0.00141483 0.190209
-0.00147996 -0.04525 -0.998975 0.445111
0 0 0 1
-0.00094461 -0.999544 0.0301739 -0.388714
-0.999999 0.000973738 0.000950651 0.193472
-0.000979599 -0.0301729 -0.999544 0.446741
0 0 0 1
-0.000476016 -0.999886 0.015089 -0.394357
-1 0.000483299 0.000479014 0.196736
-0.000486252 -0.0150888 -0.999886 0.44837
0 0 0 1
-3.14479e-08 -1 9.8928e-07 -0.4
-1 3.1448e-08 3.1643e-08 0.2
-3.16431e-08 -9.8928e-07 -1 0.45
0 0 0 1
2.22045e-16 -1 -1.22465e-16 -0.4
-1 -2.22045e-16 -6.81847e-33 0.2
-1.51215e-32 1.22465e-16 -1 0.45
0 0 0 1
2.22045e-16 -1 -1.22465e-16 -0.396
-1 -2.22045e-16 -6.81847e-33 0.2025
-1.51215e-32 1.22465e-16 -1 0.4485
0 0 0 1
2.22045e-16 -1 -1.22465e-16 -0.392
-1 -2.22045e-16 -6.81847e-33 0.205
-1.51215e-32 1.22465e-16 -1 0.447
0 0 0 1
2.22045e-16 -1 -1.22465e-16 -0.388
-1 -2.22045e-16 -6.81847e-33 0.2075
-1.51215e-32 1.22465e-16 -1 0.4455
0 0 0 1
2.22045e-16 -1 -1.22465e-16 -0.384
-1 -2.22045e-16 -6.81847e-33 0.21
-1.51215e-32 1.22465e-16 -1 0.444
0 0 0 1
2.22045e-16 -1 -1.22465e-16 -0.38
-1 -2.22045e-16 -6.81847e-33 0.2125
-1.51215e-32 1.22465e-16 -1 0.4425
0 0 0 1
2.22045e-16 -1 -1.22465e-16 -0.376
-1 -2.22045e-16 -6.81847e-33 0.215
-1.51215e-32 1.22465e-16 -1 0.441
0 0 0 1
2.22045e-16 -1 -1.22465e-16 -0.372
-1 -2.22045e-16 -6.81847e-33 0.2175
-1.51215e-32 1.22465e-16 -1 0.4395
0 0 0 1
2.22045e-16 -1 -1.22465e-16 -0.368
-1 -2.22045e-16 -6.81847e-33 0.22
-1.51215e-32 1.22465e-16 -1 0.438
0 0 0 1
2.22045e-16 -1 -1.22465e-16 -0.364
-1 -2.22045e-16 -6.81847e-33 0.2225
-1.51215e-32 1.22465e-16 -1 0.4365
0 0 0 1
2.22045e-16 -1 -1.22465e-16 -0.36
-1 -2.22045e-16 -6.81847e-33 0.225
-1.51215e-32 1.22465e-16 -1 0.435
0 0 0 1
2.22045e-16 -1 -1.22465e-16 -0.356
-1 -2.22045e-16 -6.81847e-33 0.2275
-1.51215e-32 1.22465e-16 -1 0.4335
0 0 0 1
2.22045e-16 -1 -1.22465e-16 -0.352
-1 -2.22045e-16 -6.81847e-33 0.23
-1.51215e-32 1.22465e-16 -1 0.432
0 0 0 1
2.22045e-16 -1 -1.22465e-16 -0.348
-1 -2.22045e-16 -6.81847e-33 0.2325
-1.51215e-32 1.22465e-16 -1 0.4305
0 0 0 1
2.22045e-16 -1 -1.22465e-16 -0.344
-1 -2.22045e-16 -6.81847e-33 0.235
-1.51215e-32 1.22465e-16 -1 0.429
0 0 0 1
2.22045e-16 -1 -1.22465e-16 -0.34
-1 -2.22045e-16 -6.81847e-33 0.2375
-1.51215e-32 1.22465e-16 -1 0.4275
0 0 0 1
2.22045e-16 -1 -1.22465e-16 -0.336
-1 -2.22045e-16 -6.81847e-33 0.24
-1.51215e-32 1.22465e-16 -1 0.426
0 0 0 1
2.22045e-16 -1 -1.22465e-16 -0.332
-1 -2.22045e-16 -6.81847e-33 0.2425
-1.51215e-32 1.22465e-16 -1 0.4245
0 0 0 1
2.22045e-16 -1 -1.22465e-16 -0.328
-1 -2.22045e-16 -6.81847e-33 0.245
-1.51215e-32 1.22465e-16 -1 0.423
0 0 0 1
2.22045e-16 -1 -1.22465e-16 -0.324
-1 -2.22045e-16 -6.81847e-33 0.2475
-1.51215e-32 1.22465e-16 -1 0.4215
0 0 0 1
2.22045e-16 -1 -1.22465e-16 -0.32
-1 -2.22045e-16 -6.81847e-33 0.25
-1.51215e-32 1.22465e-16 -1 0.42
0 0 0 1
2.22045e-16 -1 -1.22465e-16 -0.316
-1 -2.22045e-16 -6.81847e-33 0.2525
-1.51215e-32 1.22465e-16 -1 0.4185
0 0 0 1
2.22045e-16 -1 -1.22465e-16 -0.312
-1 -2.22045e-16 -6.81847e-33 0.255
-1.51215e-32 1.22465e-16 -1 0.417
0 0 0 1
2.22045e-16 -1 -1.22465e-16 -0.308
-1 -2.22045e-16 -6.81847e-33 0.2575
-1.51215e-32 1.22465e-16 -1 0.4155
0 0 0 1
2.22045e-16 -1 -1.22465e-16 -0.304
-1 -2.22045e-16 -6.81847e-33 0.26
-1.51215e-32 1.22465e-16 -1 0.414
0 0 0 1
2.22045e-16 -1 -1.22465e-16 -0.3
-1 -2.22045e-16 -6.81847e-33 0.2625
-1.51215e-32 1.22465e-16 -1 0.4125
0 0 0 1
2.22045e-16 -1 -1.22465e-16 -0.296
-1 -2.22045e-16 -6.81847e-33 0.265
-1.51215e-32 1.22465e-16 -1 0.411
0 0 0 1
2.22045e-16 -1 -1.22465e-16 -0.292
-1 -2.22045e-16 -6.81847e-33 0.2675
-1.51215e-32 1.22465e-16 -1 0.4095
0 0 0 1
2.22045e-16 -1 -1.22465e-16 -0.288
-1 -2.22045e-16 -6.81847e-33 0.27
-1.51215e-32 1.22465e-16 -1 0.408
0 0 0 1
2.22045e-16 -1 -1.22465e-16 -0.284
-1 -2.22045e-16 -6.81847e-33 0.2725
-1.51215e-32 1.22465e-16 -1 0.4065
0 0 0 1
2.22045e-16 -1 -1.22465e-16 -0.28
-1 -2.22045e-16 -6.81847e-33 0.275
-1.51215e-32 1.22465e-16 -1 0.405
0 0 0 1
2.22045e-16 -1 -1.22465e-16 -0.276
-1 -2.22045e-16 -6.81847e-33 0.2775
-1.51215e-32 1.22465e-16 -1 0.4035
0 0 0 1
2.22045e-16 -1 -1.22465e-16 -0.272
-1 -2.22045e-16 -6.81847e-33 0.28
-1.51215e-32 1.22465e-16 -1 0.402
0 0 0 1
2.22045e-16 -1 -1.22465e-16 -0.268
-1 -2.22045e-16 -6.81847e-33 0.2825
-1.51215e-32 1.22465e-16 -1 0.4005
0 0 0 1
2.22045e-16 -1 -1.22465e-16 -0.264
-1 -2.22045e-16 -6.81847e-33 0.285
-1.51215e-32 1.22465e-16 -1 0.399
0 0 0 1
2.22045e-16 -1 -1.22465e-16 -0.26
-1 -2.22045e-16 -6.81847e-33 0.2875
-1.51215e-32 1.22465e-16 -1 0.3975
0 0 0 1
2.22045e-16 -1 -1.22465e-16 -0.256
-1 -2.22045e-16 -6.81847e-33 0.29
-1.51215e-32 1.22465e-16 -1 0.396
0 0 0 1
2.22045e-16 -1 -1.22465e-16 -0.252
-1 -2.22045e-16 -6.81847e-33 0.2925
-1.51215e-32 1.22465e-16 -1 0.3945
0 0 0 1
2.22045e-16 -1 -1.22465e-16 -0.248
-1 -2.22045e-16 -6.81847e-33 0.295
-1.51215e-32 1.22465e-16 -1 0.393
0 0 0 1
2.22045e-16 -1 -1.22465e-16 -0.244
-1 -2.22045e-16 -6.81847e-33 0.2975
-1.51215e-32 1.22465e-16 -1 0.3915
0 0 0 1
2.22045e-16 -1 -1.22465e-16 -0.24
-1 -2.22045e-16 -6.81847e-33 0.3
-1.51215e-32 1.22465e-16 -1 0.39
0 0 0 1
2.22045e-16 -1 -1.22465e-16 -0.236
-1 -2.22045e-16 -6.81847e-33 0.3025
-1.51215e-32 1.22465e-16 -1 0.3885
0 0 0 1
2.22045e-16 -1 -1.22465e-16 -0.232
-1 -2.22045e-16 -6.81847e-33 0.305
-1.51215e-32 1.22465e-16 -1 0.387
0 0 0 1
2.22045e-16 -1 -1.22465e-16 -0.228
-1 -2.22045e-16 -6.81847e-33 0.3075
-1.51215e-32 1.22465e-16 -1 0.3855
0 0 0 1
2.22045e-16 -1 -1.22465e-16 -0.224
-1 -2.22045e-16 -6.81847e-33 0.31
-1.51215e-32 1.22465e-16 -1 0.384
0 0 0 1
2.22045e-16 -1 -1.22465e-16 -0.22
-1 -2.22045e-16 -6.81847e-33 0.3125
-1.51215e-32 1.22465e-16 -1 0.3825
0 0 0 1
2.22045e-16 -1 -1.22465e-16 -0.216
-1 -2.22045e-16 -6.81847e-33 0.315
-1.51215e-32 1.22465e-16 -1 0.381
0 0 0 1
2.22045e-16 -1 -1.22465e-16 -0.212
-1 -2.22045e-16 -6.81847e-33 0.3175
-1.51215e-32 1.22465e-16 -1 0.3795
0 0 0 1
2.22045e-16 -1 -1.22465e-16 -0.208
-1 -2.22045e-16 -6.81847e-33 0.32
-1.51215e-32 1.22465e-16 -1 0.378
0 0 0 1
2.22045e-16 -1 -1.22465e-16 -0.204
-1 -2.22045e-16 -6.81847e-33 0.3225
-1.51215e-32 1.22465e-16 -1 0.3765
0 0 0 1
2.22045e-16 -1 -1.22465e-16 -0.2
-1 -2.22045e-16 -6.81847e-33 0.325
-1.51215e-32 1.22465e-16 -1 0.375
0 0 0 1
2.22045e-16 -1 -1.22465e-16 -0.196
-1 -2.22045e-16 -6.81847e-33 0.3275
-1.51215e-32 1.22465e-16 -1 0.3735
0 0 0 1
2.22045e-16 -1 -1.22465e-16 -0.192
-1 -2.22045e-16 -6.81847e-33 0.33
-1.51215e-32 1.22465e-16 -1 0.372
0 0 0 1
2.22045e-16 -1 -1.22465e-16 -0.188
-1 -2.22045e-16 -6.81847e-33 0.3325
-1.51215e-32 1.22465e-16 -1 0.3705
0 0 0 1
2.22045e-16 -1 -1.22465e-16 -0.184
-1 -2.22045e-16 -6.81847e-33 0.335
-1.51215e-32 1.22465e-16 -1 0.369
0 0 0 1
2.22045e-16 -1 -1.22465e-16 -0.18
-1 -2.22045e-16 -6.81847e-33 0.3375
-1.51215e-32 1.22465e-16 -1 0.3675
0 0 0 1
2.22045e-16 -1 -1.22465e-16 -0.176
-1 -2.22045e-16 -6.81847e-33 0.34
-1.51215e-32 1.22465e-16 -1 0.366
0 0 0 1
2.22045e-16 -1 -1.22465e-16 -0.172
-1 -2.22045e-16 -6.81847e-33 0.3425
-1.51215e-32 1.22465e-16 -1 0.3645
0 0 0 1
2.22045e-16 -1 -1.22465e-16 -0.168
-1 -2.22045e-16 -6.81847e-33 0.345
-1.51215e-32 1.22465e-16 -1 0.363
0 0 0 1
2.22045e-16 -1 -1.22465e-16 -0.164
-1 -2.22045e-16 -6.81847e-33 0.3475
-1.51215e-32 1.22465e-16 -1 0.3615
0 0 0 1
2.22045e-16 -1 -1.22465e-16 -0.16
-1 -2.22045e-16 -6.81847e-33 0.35
-1.51215e-32 1.22465e-16 -1 0.36
0 0 0 1
2.22045e-16 -1 -1.22465e-16 -0.156
-1 -2.22045e-16 -6.81847e-33 0.3525
-1.51215e-32 1.22465e-16 -1 0.3585
0 0 0 1
2.22045e-16 -1 -1.22465e-16 -0.152
-1 -2.22045e-16 -6.81847e-33 0.355
-1.51215e-32 1.22465e-16 -1 0.357
0 0 0 1
2.22045e-16 -1 -1.22465e-16 -0.148
-1 -2.22045e-16 -6.81847e-33 0.3575
-1.51215e-32 1.22465e-16 -1 0.3555
0 0 0 1
2.22045e-16 -1 -1.22465e-16 -0.144
-1 -2.22045e-16 -6.81847e-33 0.36
-1.51215e-32 1.22465e-16 -1 0.354
0 0 0 1
2.22045e-16 -1 -1.22465e-16 -0.14
-1 -2.22045e-16 -6.81847e-33 0.3625
-1.51215e-32 1.22465e-16 -1 0.3525
0 0 0 1
2.22045e-16 -1 -1.22465e-16 -0.136
-1 -2.22045e-16 -6.81847e-33 0.365
-1.51215e-32 1.22465e-16 -1 0.351
0 0 0 1
2.22045e-16 -1 -1.22465e-16 -0.132
-1 -2.22045e-16 -6.81847e-33 0.3675
-1.51215e-32 1.22465e-16 -1 0.3495
0 0 0 1
2.22045e-16 -1 -1.22465e-16 -0.128
-1 -2.22045e-16 -6.81847e-33 0.37
-1.51215e-32 1.22465e-16 -1 0.348
0 0 0 1
2.22045e-16 -1 -1.22465e-16 -0.124
-1 -2.22045e-16 -6.81847e-33 0.3725
-1.51215e-32 1.22465e-16 -1 0.3465
0 0 0 1
2.22045e-16 -1 -1.22465e-16 -0.12
-1 -2.22045e-16 -6.81847e-33 0.375
-1.51215e-32 1.22465e-16 -1 0.345
0 0 0 1
2.22045e-16 -1 -1.22465e-16 -0.116
-1 -2.22045e-16 -6.81847e-33 0.3775
-1.51215e-32 1.22465e-16 -1 0.3435
0 0 0 1
2.22045e-16 -1 -1.22465e-16 -0.112
-1 -2.22045e-16 -6.81847e-33 0.38
-1.51215e-32 1.22465e-16 -1 0.342
0 0 0 1
2.22045e-16 -1 -1.22465e-16 -0.108
-1 -2.22045e-16 -6.81847e-33 0.3825
-1.51215e-32 1.22465e-16 -1 0.3405
0 0 0 1
2.22045e-16 -1 -1.22465e-16 -0.104
-1 -2.22045e-16 -6.81847e-33 0.385
-1.51215e-32 1.22465e-16 -1 0.339
0 0 0 1
2.22045e-16 -1 -1.22465e-16 -0.1
-1 -2.22045e-16 -6.81847e-33 0.3875
-1.51215e-32 1.22465e-16 -1 0.3375
0 0 0 1
2.22045e-16 -1 -1.22465e-16 -0.0960003
-1 -2.22045e-16 -6.81847e-33 0.39
-1.51215e-32 1.22465e-16 -1 0.336
0 0 0 1
2.22045e-16 -1 -1.22465e-16 -0.0920003
-1 -2.22045e-16 -6.81847e-33 0.3925
-1.51215e-32 1.22465e-16 -1 0.3345
0 0 0 1
2.22045e-16 -1 -1.22465e-16 -0.0880003
-1 -2.22045e-16 -6.81847e-33 0.395
-1.51215e-32 1.22465e-16 -1 0.333
0 0 0 1
2.22045e-16 -1 -1.22465e-16 -0.0840003
-1 -2.22045e-16 -6.81847e-33 0.3975
-1.51215e-32 1.22465e-16 -1 0.3315
0 0 0 1
2.22045e-16 -1 -1.22465e-16 -0.0800003
-1 -2.22045e-16 -6.81847e-33 0.4
-1.51215e-32 1.22465e-16 -1 0.33
0 0 0 1
2.22045e-16 -1 -1.22465e-16 -0.0760003
-1 -2.22045e-16 -6.81847e-33 0.4025
-1.51215e-32 1.22465e-16 -1 0.3285
0 0 0 1
2.22045e-16 -1 -1.22465e-16 -0.0720003
-1 -2.22045e-16 -6.81847e-33 0.405
-1.51215e-32 1.22465e-16 -1 0.327
0 0 0 1
2.22045e-16 -1 -1.22465e-16 -0.0680003
-1 -2.22045e-16 -6.81847e-33 0.4075
-1.51215e-32 1.22465e-16 -1 0.3255
0 0 0 1
2.22045e-16 -1 -1.22465e-16 -0.0640003
-1 -2.22045e-16 -6.81847e-33 0.41
-1.51215e-32 1.22465e-16 -1 0.324
0 0 0 1
2.22045e-16 -1 -1.22465e-16 -0.0600003
-1 -2.22045e-16 -6.81847e-33 0.4125
-1.51215e-32 1.22465e-16 -1 0.3225
0 0 0 1
2.22045e-16 -1 -1.22465e-16 -0.0560003
-1 -2.22045e-16 -6.81847e-33 0.415
-1.51215e-32 1.22465e-16 -1 0.321
0 0 0 1
2.22045e-16 -1 -1.22465e-16 -0.0520003
-1 -2.22045e-16 -6.81847e-33 0.4175
-1.51215e-32 1.22465e-16 -1 0.3195
0 0 0 1
2.22045e-16 -1 -1.22465e-16 -0.0480003
-1 -2.22045e-16 -6.81847e-33 0.42
-1.51215e-32 1.22465e-16 -1 0.318
0 0 0 1
2.22045e-16 -1 -1.22465e-16 -0.0440003
-1 -2.22045e-16 -6.81847e-33 0.4225
-1.51215e-32 1.22465e-16 -1 0.3165
0 0 0 1
2.22045e-16 -1 -1.22465e-16 -0.0400003
-1 -2.22045e-16 -6.81847e-33 0.425
-1.51215e-32 1.22465e-16 -1 0.315
0 0 0 1
2.22045e-16 -1 -1.22465e-16 -0.0360003
-1 -2.22045e-16 -6.81847e-33 0.4275
-1.51215e-32 1.22465e-16 -1 0.3135
0 0 0 1
2.22045e-16 -1 -1.22465e-16 -0.0320004
-1 -2.22045e-16 -6.81847e-33 0.43
-1.51215e-32 1.22465e-16 -1 0.312
0 0 0 1
2.22045e-16 -1 -1.22465e-16 -0.0280004
-1 -2.22045e-16 -6.81847e-33 0.4325
-1.51215e-32 1.22465e-16 -1 0.3105
0 0 0 1
2.22045e-16 -1 -1.22465e-16 -0.0240004
-1 -2.22045e-16 -6.81847e-33 0.435
-1.51215e-32 1.22465e-16 -1 0.309
0 0 0 1
2.22045e-16 -1 -1.22465e-16 -0.0200004
-1 -2.22045e-16 -6.81847e-33 0.4375
-1.51215e-32 1.22465e-16 -1 0.3075
0 0 0 1
2.22045e-16 -1 -1.22465e-16 -0.0160004
-1 -2.22045e-16 -6.81847e-33 0.44
-1.51215e-32 1.22465e-16 -1 0.306
0 0 0 1
2.22045e-16 -1 -1.22465e-16 -0.0120004
-1 -2.22045e-16 -6.81847e-33 0.4425
-1.51215e-32 1.22465e-16 -1 0.3045
0 0 0 1
2.22045e-16 -1 -1.22465e-16 -0.00800037
-1 -2.22045e-16 -6.81847e-33 0.445
-1.51215e-32 1.22465e-16 -1 0.303
0 0 0 1
2.22045e-16 -1 -1.22465e-16 -0.00400038
-1 -2.22045e-16 -6.81847e-33 0.4475
-1.51215e-32 1.22465e-16 -1 0.3015
0 0 0 1
2.22045e-16 -1 -1.22465e-16 -3.8147e-07
-1 -2.22045e-16 -6.81847e-33 0.45
-1.51215e-32 1.22465e-16 -1 0.3
0 0 0 1
2.22045e-16 -1 -1.22465e-16 3.06162e-17
-1 -2.22045e-16 -6.81847e-33 0.45
-1.51215e-32 1.22465e-16 -1 0.3
0 0 0 1
2.22045e-16 -1 -1.22465e-16 3.031e-17
-1 -2.22045e-16 -6.81847e-33 0.45
-1.51215e-32 1.22465e-16 -1 0.2975
0 0 0 1
2.22045e-16 -1 -1.22465e-16 3.00038e-17
-1 -2.22045e-16 -6.81847e-33 0.45
-1.51215e-32 1.22465e-16 -1 0.295
0 0 0 1
2.22045e-16 -1 -1.22465e-16 2.96977e-17
-1 -2.22045e-16 -6.81847e-33 0.45
-1.51215e-32 1.22465e-16 -1 0.2925
0 0 0 1
2.22045e-16 -1 -1.22465e-16 2.93915e-17
-1 -2.22045e-16 -6.81847e-33 0.45
-1.51215e-32 1.22465e-16 -1 0.29
0 0 0 1
2.22045e-16 -1 -1.22465e-16 2.90854e-17
-1 -2.22045e-16 -6.81847e-33 0.45
-1.51215e-32 1.22465e-16 -1 0.2875
0 0 0 1
2.22045e-16 -1 -1.22465e-16 2.87792e-17
-1 -2.22045e-16 -6.81847e-33 0.45
-1.51215e-32 1.22465e-16 -1 0.285
0 0 0 1
2.22045e-16 -1 -1.22465e-16 2.8473e-17
-1 -2.22045e-16 -6.81847e-33 0.45
-1.51215e-32 1.22465e-16 -1 0.2825
0 0 0 1
2.22045e-16 -1 -1.22465e-16 2.81669e-17
-1 -2.22045e-16 -6.81847e-33 0.45
-1.51215e-32 1.22465e-16 -1 0.28
0 0 0 1
2.22045e-16 -1 -1.22465e-16 2.78607e-17
-1 -2.22045e-16 -6.81847e-33 0.45
-1.51215e-32 1.22465e-16 -1 0.2775
0 0 0 1
2.22045e-16 -1 -1.22465e-16 2.75546e-17
-1 -2.22045e-16 -6.81847e-33 0.45
-1.51215e-32 1.22465e-16 -1 0.275
0 0 0 1
2.22045e-16 -1 -1.22465e-16 2.72484e-17
-1 -2.22045e-16 -6.81847e-33 0.45
-1.51215e-32 1.22465e-16 -1 0.2725
0 0 0 1
2.22045e-16 -1 -1.22465e-16 2.69422e-17
-1 -2.22045e-16 -6.81847e-33 0.45
-1.51215e-32 1.22465e-16 -1 0.27
0 0 0 1
2.22045e-16 -1 -1.22465e-16 2.66361e-17
-1 -2.22045e-16 -6.81847e-33 0.45
-1.51215e-32 1.22465e-16 -1 0.2675
0 0 0 1
2.22045e-16 -1 -1.22465e-16 2.63299e-17
-1 -2.22045e-16 -6.81847e-33 0.45
-1.51215e-32 1.22465e-16 -1 0.265
0 0 0 1
2.22045e-16 -1 -1.22465e-16 2.60237e-17
-1 -2.22045e-16 -6.81847e-33 0.45
-1.51215e-32 1.22465e-16 -1 0.2625
0 0 0 1
2.22045e-16 -1 -1.22465e-16 2.57176e-17
-1 -2.22045e-16 -6.81847e-33 0.45
-1.51215e-32 1.22465e-16 -1 0.26
0 0 0 1
2.22045e-16 -1 -1.22465e-16 2.54114e-17
-1 -2.22045e-16 -6.81847e-33 0.45
-1.51215e-32 1.22465e-16 -1 0.2575
0 0 0 1
2.22045e-16 -1 -1.22465e-16 2.51053e-17
-1 -2.22045e-16 -6.81847e-33 0.45
-1.51215e-32 1.22465e-16 -1 0.255
0 0 0 1
2.22045e-16 -1 -1.22465e-16 2.47991e-17
-1 -2.22045e-16 -6.81847e-33 0.45
-1.51215e-32 1.22465e-16 -1 0.2525
0 0 0 1
2.22045e-16 -1 -1.22465e-16 2.44929e-17
-1 -2.22045e-16 -6.81847e-33 0.45
-1.51215e-32 1.22465e-16 -1 0.25
0 0 0 1
2.22045e-16 -1 -1.22465e-16 2.41868e-17
-1 -2.22045e-16 -6.81847e-33 0.45
-1.51215e-32 1.22465e-16 -1 0.2475
0 0 0 1
2.22045e-16 -1 -1.22465e-16 2.38806e-17
-1 -2.22045e-16 -6.81847e-33 0.45
-1.51215e-32 1.22465e-16 -1 0.245
0 0 0 1
2.22045e-16 -1 -1.22465e-16 2.35745e-17
-1 -2.22045e-16 -6.81847e-33 0.45
-1.51215e-32 1.22465e-16 -1 0.2425
0 0 0 1
2.22045e-16 -1 -1.22465e-16 2.32683e-17
-1 -2.22045e-16 -6.81847e-33 0.45
-1.51215e-32 1.22465e-16 -1 0.24
0 0 0 1
2.22045e-16 -1 -1.22465e-16 2.29621e-17
-1 -2.22045e-16 -6.81847e-33 0.45
-1.51215e-32 1.22465e-16 -1 0.2375
0 0 0 1
2.22045e-16 -1 -1.22465e-16 2.2656e-17
-1 -2.22045e-16 -6.81847e-33 0.45
-1.51215e-32 1.22465e-16 -1 0.235
0 0 0 1
2.22045e-16 -1 -1.22465e-16 2.23498e-17
-1 -2.22045e-16 -6.81847e-33 0.45
-1.51215e-32 1.22465e-16 -1 0.2325
0 0 0 1
2.22045e-16 -1 -1.22465e-16 2.20437e-17
-1 -2.22045e-16 -6.81847e-33 0.45
-1.51215e-32 1.22465e-16 -1 0.23
0 0 0 1
2.22045e-16 -1 -1.22465e-16 2.17375e-17
-1 -2.22045e-16 -6.81847e-33 0.45
-1.51215e-32 1.22465e-16 -1 0.2275
0 0 0 1
2.22045e-16 -1 -1.22465e-16 2.14313e-17
-1 -2.22045e-16 -6.81847e-33 0.45
-1.51215e-32 1.22465e-16 -1 0.225
0 0 0 1
2.22045e-16 -1 -1.22465e-16 2.11252e-17
-1 -2.22045e-16 -6.81847e-33 0.45
-1.51215e-32 1.22465e-16 -1 0.2225
0 0 0 1
2.22045e-16 -1 -1.22465e-16 2.0819e-17
-1 -2.22045e-16 -6.81847e-33 0.45
-1.51215e-32 1.22465e-16 -1 0.22
0 0 0 1
2.22045e-16 -1 -1.22465e-16 2.05128e-17
-1 -2.22045e-16 -6.81847e-33 0.45
-1.51215e-32 1.22465e-16 -1 0.2175
0 0 0 1
2.22045e-16 -1 -1.22465e-16 2.02067e-17
-1 -2.22045e-16 -6.81847e-33 0.45
-1.51215e-32 1.22465e-16 -1 0.215
0 0 0 1
2.22045e-16 -1 -1.22465e-16 1.99005e-17
-1 -2.22045e-16 -6.81847e-33 0.45
-1.51215e-32 1.22465e-16 -1 0.2125
0 0 0 1
2.22045e-16 -1 -1.22465e-16 1.95944e-17
-1 -2.22045e-16 -6.81847e-33 0.45
-1.51215e-32 1.22465e-16 -1 0.21
0 0 0 1
2.22045e-16 -1 -1.22465e-16 1.92882e-17
-1 -2.22045e-16 -6.81847e-33 0.45
-1.51215e-32 1.22465e-16 -1 0.2075
0 0 0 1
2.22045e-16 -1 -1.22465e-16 1.8982e-17
-1 -2.22045e-16 -6.81847e-33 0.45
-1.51215e-32 1.22465e-16 -1 0.205
0 0 0 1
2.22045e-16 -1 -1.22465e-16 1.86759e-17
-1 -2.22045e-16 -6.81847e-33 0.45
-1.51215e-32 1.22465e-16 -1 0.2025
0 0 0 1
2.22045e-16 -1 -1.22465e-16 1.83697e-17
-1 -2.22045e-16 -6.81847e-33 0.45
-1.51215e-32 1.22465e-16 -1 0.2
0 0 0 1
2.22045e-16 -1 -1.22465e-16 1.80636e-17
-1 -2.22045e-16 -6.81847e-33 0.45
-1.51215e-32 1.22465e-16 -1 0.1975
0 0 0 1
2.22045e-16 -1 -1.22465e-16 1.77574e-17
-1 -2.22045e-16 -6.81847e-33 0.45
-1.51215e-32 1.22465e-16 -1 0.195
0 0 0 1
2.22045e-16 -1 -1.22465e-16 1.74512e-17
-1 -2.22045e-16 -6.81847e-33 0.45
-1.51215e-32 1.22465e-16 -1 0.1925
0 0 0 1
2.22045e-16 -1 -1.22465e-16 1.71451e-17
-1 -2.22045e-16 -6.81847e-33 0.45
-1.51215e-32 1.22465e-16 -1 0.19
0 0 0 1
2.22045e-16 -1 -1.22465e-16 1.68389e-17
-1 -2.22045e-16 -6.81847e-33 0.45
-1.51215e-32 1.22465e-16 -1 0.1875
0 0 0 1
2.22045e-16 -1 -1.22465e-16 1.65327e-17
-1 -2.22045e-16 -6.81847e-33 0.45
-1.51215e-32 1.22465e-16 -1 0.185
0 0 0 1
2.22045e-16 -1 -1.22465e-16 1.62266e-17
-1 -2.22045e-16 -6.81847e-33 0.45
-1.51215e-32 1.22465e-16 -1 0.1825
0 0 0 1
2.22045e-16 -1 -1.22465e-16 1.59204e-17
-1 -2.22045e-16 -6.81847e-33 0.45
-1.51215e-32 1.22465e-16 -1 0.18
0 0 0 1
2.22045e-16 -1 -1.22465e-16 1.56143e-17
-1 -2.22045e-16 -6.81847e-33 0.45
-1.51215e-32 1.22465e-16 -1 0.1775
0 0 0 1
2.22045e-16 -1 -1.22465e-16 1.53081e-17
-1 -2.22045e-16 -6.81847e-33 0.45
-1.51215e-32 1.22465e-16 -1 0.175
0 0 0 1
2.22045e-16 -1 -1.22465e-16 1.50019e-17
-1 -2.22045e-16 -6.81847e-33 0.45
-1.51215e-32 1.22465e-16 -1 0.1725
0 0 0 1
2.22045e-16 -1 -1.22465e-16 1.46958e-17
-1 -2.22045e-16 -6.81847e-33 0.45
-1.51215e-32 1.22465e-16 -1 0.17
0 0 0 1
2.22045e-16 -1 -1.22465e-16 1.43896e-17
-1 -2.22045e-16 -6.81847e-33 0.45
-1.51215e-32 1.22465e-16 -1 0.1675
0 0 0 1
2.22045e-16 -1 -1.22465e-16 1.40835e-17
-1 -2.22045e-16 -6.81847e-33 0.45
-1.51215e-32 1.22465e-16 -1 0.165
0 0 0 1
2.22045e-16 -1 -1.22465e-16 1.37773e-17
-1 -2.22045e-16 -6.81847e-33 0.45
-1.51215e-32 1.22465e-16 -1 0.1625
0 0 0 1
2.22045e-16 -1 -1.22465e-16 1.34711e-17
-1 -2.22045e-16 -6.81847e-33 0.45
-1.51215e-32 1.22465e-16 -1 0.16
0 0 0 1
2.22045e-16 -1 -1.22465e-16 1.3165e-17
-1 -2.22045e-16 -6.81847e-33 0.45
-1.51215e-32 1.22465e-16 -1 0.1575
0 0 0 1
2.22045e-16 -1 -1.22465e-16 1.28588e-17
-1 -2.22045e-16 -6.81847e-33 0.45
-1.51215e-32 1.22465e-16 -1 0.155
0 0 0 1
2.22045e-16 -1 -1.22465e-16 1.25526e-17
-1 -2.22045e-16 -6.81847e-33 0.45
-1.51215e-32 1.22465e-16 -1 0.1525
0 0 0 1
2.22045e-16 -1 -1.22465e-16 1.22465e-17
-1 -2.22045e-16 -6.81847e-33 0.45
-1.51215e-32 1.22465e-16 -1 0.15
0 0 0 1
2.22045e-16 -1 -1.22465e-16 1.19403e-17
-1 -2.22045e-16 -6.81847e-33 0.45
-1.51215e-32 1.22465e-16 -1 0.1475
0 0 0 1
2.22045e-16 -1 -1.22465e-16 1.16342e-17
-1 -2.22045e-16 -6.81847e-33 0.45
-1.51215e-32 1.22465e-16 -1 0.145
0 0 0 1
2.22045e-16 -1 -1.22465e-16 1.1328e-17
-1 -2.22045e-16 -6.81847e-33 0.45
-1.51215e-32 1.22465e-16 -1 0.1425
0 0 0 1
2.22045e-16 -1 -1.22465e-16 1.10218e-17
-1 -2.22045e-16 -6.81847e-33 0.45
-1.51215e-32 1.22465e-16 -1 0.14
0 0 0 1
2.22045e-16 -1 -1.22465e-16 1.07157e-17
-1 -2.22045e-16 -6.81847e-33 0.45
-1.51215e-32 1.22465e-16 -1 0.1375
0 0 0 1
2.22045e-16 -1 -1.22465e-16 1.04095e-17
-1 -2.22045e-16 -6.81847e-33 0.45
-1.51215e-32 1.22465e-16 -1 0.135
0 0 0 1
2.22045e-16 -1 -1.22465e-16 1.01034e-17
-1 -2.22045e-16 -6.81847e-33 0.45
-1.51215e-32 1.22465e-16 -1 0.1325
0 0 0 1
2.22045e-16 -1 -1.22465e-16 9.79719e-18
-1 -2.22045e-16 -6.81847e-33 0.45
-1.51215e-32 1.22465e-16 -1 0.13
0 0 0 1
2.22045e-16 -1 -1.22465e-16 9.49103e-18
-1 -2.22045e-16 -6.81847e-33 0.45
-1.51215e-32 1.22465e-16 -1 0.1275
0 0 0 1
2.22045e-16 -1 -1.22465e-16 9.18487e-18
-1 -2.22045e-16 -6.81847e-33 0.45
-1.51215e-32 1.22465e-16 -1 0.125
0 0 0 1
2.22045e-16 -1 -1.22465e-16 8.87871e-18
-1 -2.22045e-16 -6.81847e-33 0.45
-1.51215e-32 1.22465e-16 -1 0.1225
0 0 0 1
2.22045e-16 -1 -1.22465e-16 8.57255e-18
-1 -2.22045e-16 -6.81847e-33 0.45
-1.51215e-32 1.22465e-16 -1 0.12
0 0 0 1
2.22045e-16 -1 -1.22465e-16 8.26639e-18
-1 -2.22045e-16 -6.81847e-33 0.45
-1.51215e-32 1.22465e-16 -1 0.1175
0 0 0 1
2.22045e-16 -1 -1.22465e-16 7.96023e-18
-1 -2.22045e-16 -6.81847e-33 0.45
-1.51215e-32 1.22465e-16 -1 0.115
0 0 0 1
2.22045e-16 -1 -1.22465e-16 7.65406e-18
-1 -2.22045e-16 -6.81847e-33 0.45
-1.51215e-32 1.22465e-16 -1 0.1125
0 0 0 1
2.22045e-16 -1 -1.22465e-16 7.3479e-18
-1 -2.22045e-16 -6.81847e-33 0.45
-1.51215e-32 1.22465e-16 -1 0.11
0 0 0 1
2.22045e-16 -1 -1.22465e-16 7.04174e-18
-1 -2.22045e-16 -6.81847e-33 0.45
-1.51215e-32 1.22465e-16 -1 0.1075
0 0 0 1
2.22045e-16 -1 -1.22465e-16 6.73558e-18
-1 -2.22045e-16 -6.81847e-33 0.45
-1.51215e-32 1.22465e-16 -1 0.105
0 0 0 1
2.22045e-16 -1 -1.22465e-16 6.42942e-18
-1 -2.22045e-16 -6.81847e-33 0.45
-1.51215e-32 1.22465e-16 -1 0.1025
0 0 0 1
2.22045e-16 -1 -1.22465e-16 6.12326e-18
-1 -2.22045e-16 -6.81847e-33 0.45
-1.51215e-32 1.22465e-16 -1 0.1
0 0 0 1
2.22045e-16 -1 -1.22465e-16 5.8171e-18
-1 -2.22045e-16 -6.81847e-33 0.45
-1.51215e-32 1.22465e-16 -1 0.0975002
0 0 0 1
2.22045e-16 -1 -1.22465e-16 5.51093e-18
-1 -2.22045e-16 -6.81847e-33 0.45
-1.51215e-32 1.22465e-16 -1 0.0950002
0 0 0 1
2.22045e-16 -1 -1.22465e-16 5.20477e-18
-1 -2.22045e-16 -6.81847e-33 0.45
-1.51215e-32 1.22465e-16 -1 0.0925002
0 0 0 1
2.22045e-16 -1 -1.22465e-16 4.89861e-18
-1 -2.22045e-16 -6.81847e-33 0.45
-1.51215e-32 1.22465e-16 -1 0.0900002
0 0 0 1
2.22045e-16 -1 -1.22465e-16 4.59245e-18
-1 -2.22045e-16 -6.81847e-33 0.45
-1.51215e-32 1.22465e-16 -1 0.0875002
0 0 0 1
2.22045e-16 -1 -1.22465e-16 4.28629e-18
-1 -2.22045e-16 -6.81847e-33 0.45
-1.51215e-32 1.22465e-16 -1 0.0850002
0 0 0 1
2.22045e-16 -1 -1.22465e-16 3.98013e-18
-1 -2.22045e-16 -6.81847e-33 0.45
-1.51215e-32 1.22465e-16 -1 0.0825002
0 0 0 1
2.22045e-16 -1 -1.22465e-16 3.67397e-18
-1 -2.22045e-16 -6.81847e-33 0.45
-1.51215e-32 1.22465e-16 -1 0.0800002
0 0 0 1
2.22045e-16 -1 -1.22465e-16 3.3678e-18
-1 -2.22045e-16 -6.81847e-33 0.45
-1.51215e-32 1.22465e-16 -1 0.0775002
0 0 0 1
2.22045e-16 -1 -1.22465e-16 3.06164e-18
-1 -2.22045e-16 -6.81847e-33 0.45
-1.51215e-32 1.22465e-16 -1 0.0750002
0 0 0 1
2.22045e-16 -1 -1.22465e-16 2.75548e-18
-1 -2.22045e-16 -6.81847e-33 0.45
-1.51215e-32 1.22465e-16 -1 0.0725002
0 0 0 1
2.22045e-16 -1 -1.22465e-16 2.44932e-18
-1 -2.22045e-16 -6.81847e-33 0.45
-1.51215e-32 1.22465e-16 -1 0.0700002
0 0 0 1
2.22045e-16 -1 -1.22465e-16 2.14316e-18
-1 -2.22045e-16 -6.81847e-33 0.45
-1.51215e-32 1.22465e-16 -1 0.0675002
0 0 0 1
2.22045e-16 -1 -1.22465e-16 1.837e-18
-1 -2.22045e-16 -6.81847e-33 0.45
-1.51215e-32 1.22465e-16 -1 0.0650002
0 0 0 1
2.22045e-16 -1 -1.22465e-16 1.53084e-18
-1 -2.22045e-16 -6.81847e-33 0.45
-1.51215e-32 1.22465e-16 -1 0.0625002
0 0 0 1
2.22045e-16 -1 -1.22465e-16 1.22467e-18
-1 -2.22045e-16 -6.81847e-33 0.45
-1.51215e-32 1.22465e-16 -1 0.0600002
0 0 0 1
2.22045e-16 -1 -1.22465e-16 9.18513e-19
-1 -2.22045e-16 -6.81847e-33 0.45
-1.51215e-32 1.22465e-16 -1 0.0575002
0 0 0 1
2.22045e-16 -1 -1.22465e-16 6.12352e-19
-1 -2.22045e-16 -6.81847e-33 0.45
-1.51215e-32 1.22465e-16 -1 0.0550002
0 0 0 1
2.22045e-16 -1 -1.22465e-16 3.06191e-19
-1 -2.22045e-16 -6.81847e-33 0.45
-1.51215e-32 1.22465e-16 -1 0.0525002
0 0 0 1
2.22045e-16 -1 -1.22465e-16 2.91979e-23
-1 -2.22045e-16 -6.81847e-33 0.45
-1.51215e-32 1.22465e-16 -1 0.0500002
0 0 0 1
2.22045e-16 -1 -1.22465e-16 0
-1 -2.22045e-16 -6.81847e-33 0.45
-1.51215e-32 1.22465e-16 -1 0.05
0 0 0 1
2.22045e-16 -1 -1.22465e-16 3.06161e-19
-1 -2.22045e-16 -6.81847e-33 0.45
-1.51215e-32 1.22465e-16 -1 0.0525
0 0 0 1
2.22045e-16 -1 -1.22465e-16 6.12323e-19
-1 -2.22045e-16 -6.81847e-33 0.45
-1.51215e-32 1.22465e-16 -1 0.055
0 0 0 1
2.22045e-16 -1 -1.22465e-16 9.18484e-19
-1 -2.22045e-16 -6.81847e-33 0.45
-1.51215e-32 1.22465e-16 -1 0.0575
0 0 0 1
2.22045e-16 -1 -1.22465e-16 1.22465e-18
-1 -2.22045e-16 -6.81847e-33 0.45
-1.51215e-32 1.22465e-16 -1 0.06
0 0 0 1
2.22045e-16 -1 -1.22465e-16 1.53081e-18
-1 -2.22045e-16 -6.81847e-33 0.45
-1.51215e-32 1.22465e-16 -1 0.0625
0 0 0 1
2.22045e-16 -1 -1.22465e-16 1.83697e-18
-1 -2.22045e-16 -6.81847e-33 0.45
-1.51215e-32 1.22465e-16 -1 0.065
0 0 0 1
2.22045e-16 -1 -1.22465e-16 2.14313e-18
-1 -2.22045e-16 -6.81847e-33 0.45
-1.51215e-32 1.22465e-16 -1 0.0675
0 0 0 1
2.22045e-16 -1 -1.22465e-16 2.44929e-18
-1 -2.22045e-16 -6.81847e-33 0.45
-1.51215e-32 1.22465e-16 -1 0.07
0 0 0 1
2.22045e-16 -1 -1.22465e-16 2.75545e-18
-1 -2.22045e-16 -6.81847e-33 0.45
-1.51215e-32 1.22465e-16 -1 0.0725
0 0 0 1
2.22045e-16 -1 -1.22465e-16 3.06161e-18
-1 -2.22045e-16 -6.81847e-33 0.45
-1.51215e-32 1.22465e-16 -1 0.075
0 0 0 1
2.22045e-16 -1 -1.22465e-16 3.36778e-18
-1 -2.22045e-16 -6.81847e-33 0.45
-1.51215e-32 1.22465e-16 -1 0.0775
0 0 0 1
2.22045e-16 -1 -1.22465e-16 3.67394e-18
-1 -2.22045e-16 -6.81847e-33 0.45
-1.51215e-32 1.22465e-16 -1 0.08
0 0 0 1
2.22045e-16 -1 -1.22465e-16 3.9801e-18
-1 -2.22045e-16 -6.81847e-33 0.45
-1.51215e-32 1.22465e-16 -1 0.0825
0 0 0 1
2.22045e-16 -1 -1.22465e-16 4.28626e-18
-1 -2.22045e-16 -6.81847e-33 0.45
-1.51215e-32 1.22465e-16 -1 0.085
0 0 0 1
2.22045e-16 -1 -1.22465e-16 4.59242e-18
-1 -2.22045e-16 -6.81847e-33 0.45
-1.51215e-32 1.22465e-16 -1 0.0875
0 0 0 1
2.22045e-16 -1 -1.22465e-16 4.89858e-18
-1 -2.22045e-16 -6.81847e-33 0.45
-1.51215e-32 1.22465e-16 -1 0.09
0 0 0 1
2.22045e-16 -1 -1.22465e-16 5.20474e-18
-1 -2.22045e-16 -6.81847e-33 0.45
-1.51215e-32 1.22465e-16 -1 0.0925
0 0 0 1
2.22045e-16 -1 -1.22465e-16 5.51091e-18
-1 -2.22045e-16 -6.81847e-33 0.45
-1.51215e-32 1.22465e-16 -1 0.095
0 0 0 1
2.22045e-16 -1 -1.22465e-16 5.81707e-18
-1 -2.22045e-16 -6.81847e-33 0.45
-1.51215e-32 1.22465e-16 -1 0.0975
0 0 0 1
2.22045e-16 -1 -1.22465e-16 6.12323e-18
-1 -2.22045e-16 -6.81847e-33 0.45
-1.51215e-32 1.22465e-16 -1 0.1
0 0 0 1
2.22045e-16 -1 -1.22465e-16 6.42939e-18
-1 -2.22045e-16 -6.81847e-33 0.45
-1.51215e-32 1.22465e-16 -1 0.1025
0 0 0 1
2.22045e-16 -1 -1.22465e-16 6.73555e-18
-1 -2.22045e-16 -6.81847e-33 0.45
-1.51215e-32 1.22465e-16 -1 0.105
0 0 0 1
2.22045e-16 -1 -1.22465e-16 7.04171e-18
-1 -2.22045e-16 -6.81847e-33 0.45
-1.51215e-32 1.22465e-16 -1 0.1075
0 0 0 1
2.22045e-16 -1 -1.22465e-16 7.34787e-18
-1 -2.22045e-16 -6.81847e-33 0.45
-1.51215e-32 1.22465e-16 -1 0.11
0 0 0 1
2.22045e-16 -1 -1.22465e-16 7.65404e-18
-1 -2.22045e-16 -6.81847e-33 0.45
-1.51215e-32 1.22465e-16 -1 0.1125
0 0 0 1
2.22045e-16 -1 -1.22465e-16 7.9602e-18
-1 -2.22045e-16 -6.81847e-33 0.45
-1.51215e-32 1.22465e-16 -1 0.115
0 0 0 1
2.22045e-16 -1 -1.22465e-16 8.26636e-18
-1 -2.22045e-16 -6.81847e-33 0.45
-1.51215e-32 1.22465e-16 -1 0.1175
0 0 0 1
2.22045e-16 -1 -1.22465e-16 8.57252e-18
-1 -2.22045e-16 -6.81847e-33 0.45
-1.51215e-32 1.22465e-16 -1 0.12
0 0 0 1
2.22045e-16 -1 -1.22465e-16 8.87868e-18
-1 -2.22045e-16 -6.81847e-33 0.45
-1.51215e-32 1.22465e-16 -1 0.1225
0 0 0 1
2.22045e-16 -1 -1.22465e-16 9.18484e-18
-1 -2.22045e-16 -6.81847e-33 0.45
-1.51215e-32 1.22465e-16 -1 0.125
0 0 0 1
2.22045e-16 -1 -1.22465e-16 9.491e-18
-1 -2.22045e-16 -6.81847e-33 0.45
-1.51215e-32 1.22465e-16 -1 0.1275
0 0 0 1
2.22045e-16 -1 -1.22465e-16 9.79717e-18
