0.560076 0.745686 -0.360926 -0.179371
0.82682 -0.475903 0.299807 0.290831
0.051796 -0.466336 -0.88309 0.432876
0 0 0 1
0.567958 0.741918 -0.356346 -0.181577
0.821599 -0.485292 0.299109 0.289922
0.0489825 -0.462655 -0.885184 0.433047
0 0 0 1
0.575793 0.738052 -0.351768 -0.183784
0.816288 -0.494628 0.298357 0.289014
0.0462087 -0.458936 -0.887267 0.433218
0 0 0 1
0.583583 0.73409 -0.347194 -0.18599
0.810889 -0.503907 0.29755 0.288106
0.0434751 -0.455181 -0.889337 0.433389
0 0 0 1
0.591324 0.73003 -0.342624 -0.188196
0.805402 -0.51313 0.29669 0.287197
0.0407819 -0.45139 -0.891394 0.433561
0 0 0 1
0.599018 0.725875 -0.338059 -0.190402
0.799827 -0.522296 0.295776 0.286289
0.0381295 -0.447564 -0.893439 0.433732
0 0 0 1
0.606662 0.721623 -0.333499 -0.192609
0.794166 -0.531402 0.294808 0.285381
0.0355182 -0.443702 -0.89547 0.433903
0 0 0 1
0.614255 0.717276 -0.328945 -0.194815
0.788419 -0.540449 0.293786 0.284473
0.0329482 -0.439806 -0.897488 0.434074
0 0 0 1
0.621798 0.712835 -0.324397 -0.197021
0.782587 -0.549434 0.292711 0.283564
0.03042 -0.435876 -0.899493 0.434246
0 0 0 1
0.629288 0.7083 -0.319856 -0.199228
0.77667 -0.558358 0.291583 0.282656
0.0279338 -0.431912 -0.901483 0.434417
0 0 0 1
0.636726 0.70367 -0.315322 -0.201434
0.770669 -0.567219 0.290401 0.281748
0.0254898 -0.427915 -0.90346 0.434588
0 0 0 1
0.644109 0.698948 -0.310797 -0.20364
0.764585 -0.576015 0.289166 0.280839
0.0230885 -0.423885 -0.905422 0.434759
0 0 0 1
0.651438 0.694133 -0.306279 -0.205846
0.758418 -0.584746 0.287878 0.279931
0.02073 -0.419823 -0.907369 0.434931
0 0 0 1
0.658711 0.689227 -0.301771 -0.208053
0.75217 -0.593411 0.286537 0.279023
0.0184147 -0.415729 -0.909302 0.435102
0 0 0 1
0.665928 0.684229 -0.297273 -0.210259
0.745841 -0.602008 0.285144 0.278114
0.0161429 -0.411603 -0.91122 0.435273
0 0 0 1
0.673087 0.67914 -0.292784 -0.212465
0.739432 -0.610537 0.283698 0.277206
0.0139148 -0.407447 -0.913123 0.435444
0 0 0 1
0.680188 0.673961 -0.288306 -0.214672
0.732944 -0.618997 0.282199 0.276298
0.0117306 -0.403261 -0.91501 0.435616
0 0 0 1
0.68723 0.668692 -0.28384 -0.216878
0.726376 -0.627386 0.280649 0.275389
0.00959066 -0.399045 -0.916881 0.435787
0 0 0 1
0.694212 0.663335 -0.279385 -0.219084
0.719731 -0.635704 0.279047 0.274481
0.00749523 -0.394799 -0.918737 0.435958
0 0 0 1
0.701134 0.657889 -0.274942 -0.22129
0.713009 -0.64395 0.277392 0.273573
0.00544455 -0.390525 -0.920576 0.436129
0 0 0 1
0.707994 0.652356 -0.270512 -0.223497
0.706211 -0.652122 0.275687 0.272665
0.00343886 -0.386223 -0.922399 0.4363
0 0 0 1
0.714791 0.646736 -0.266095 -0.225703
0.699337 -0.66022 0.27393 0.271756
0.00147839 -0.381893 -0.924205 0.436472
0 0 0 1
0.721525 0.641029 -0.261693 -0.227909
0.692388 -0.668243 0.272121 0.270848
-0.00043661 -0.377535 -0.925995 0.436643
0 0 0 1
0.728195 0.635237 -0.257304 -0.230116
0.685366 -0.676189 0.270262 0.26994
-0.00230592 -0.373151 -0.927768 0.436814
0 0 0 1
0.734801 0.62936 -0.252931 -0.232322
0.678271 -0.684059 0.268352 0.269031
-0.00412931 -0.368741 -0.929523 0.436985
0 0 0 1
0.74134 0.623399 -0.248573 -0.234528
0.671103 -0.69185 0.266392 0.268123
-0.00590656 -0.364305 -0.931261 0.437157
0 0 0 1
0.747814 0.617354 -0.24423 -0.236734
0.663865 -0.699562 0.264381 0.267215
-0.00763747 -0.359844 -0.932981 0.437328
0 0 0 1
0.75422 0.611227 -0.239905 -0.238941
0.656556 -0.707194 0.26232 0.266306
-0.00932182 -0.355358 -0.934684 0.437499
0 0 0 1
0.760558 0.605017 -0.235596 -0.241147
0.649177 -0.714745 0.26021 0.265398
-0.0109594 -0.350848 -0.936368 0.43767
0 0 0 1
0.766828 0.598726 -0.231305 -0.243353
0.64173 -0.722214 0.25805 0.26449
-0.0125501 -0.346315 -0.938034 0.437842
0 0 0 1
0.773028 0.592355 -0.227031 -0.24556
0.634215 -0.7296 0.255841 0.263581
-0.0140936 -0.341759 -0.939682 0.438013
0 0 0 1
0.779158 0.585904 -0.222776 -0.247766
0.626633 -0.736903 0.253582 0.262673
-0.0155898 -0.33718 -0.941311 0.438184
0 0 0 1
0.785217 0.579374 -0.218541 -0.249972
0.618986 -0.744122 0.251275 0.261765
-0.0170384 -0.332579 -0.942921 0.438355
0 0 0 1
0.791205 0.572765 -0.214324 -0.252179
0.611273 -0.751255 0.24892 0.260857
-0.0184394 -0.327957 -0.944513 0.438527
0 0 0 1
0.79712 0.566079 -0.210128 -0.254385
0.603496 -0.758302 0.246516 0.259948
-0.0197926 -0.323315 -0.946084 0.438698
0 0 0 1
0.802962 0.559317 -0.205952 -0.256591
0.595657 -0.765262 0.244065 0.25904
-0.0210977 -0.318652 -0.947637 0.438869
0 0 0 1
0.80873 0.552479 -0.201798 -0.258797
0.587754 -0.772134 0.241566 0.258132
-0.0223547 -0.313969 -0.94917 0.43904
0 0 0 1
0.814424 0.545565 -0.197664 -0.261004
0.579791 -0.778917 0.23902 0.257223
-0.0235634 -0.309267 -0.950683 0.439212
0 0 0 1
0.820043 0.538578 -0.193553 -0.26321
0.571767 -0.785611 0.236426 0.256315
-0.0247236 -0.304547 -0.952176 0.439383
0 0 0 1
0.825586 0.531517 -0.189464 -0.265416
0.563684 -0.792215 0.233786 0.255407
-0.0258352 -0.299809 -0.953649 0.439554
0 0 0 1
0.831053 0.524384 -0.185399 -0.267623
0.555543 -0.798727 0.2311 0.254498
-0.0268981 -0.295053 -0.955102 0.439725
0 0 0 1
0.836442 0.517179 -0.181357 -0.269829
0.547344 -0.805148 0.228367 0.25359
-0.0279121 -0.290281 -0.956534 0.439897
0 0 0 1
0.841754 0.509903 -0.177338 -0.272035
0.539088 -0.811476 0.225589 0.252682
-0.0288772 -0.285492 -0.957946 0.440068
0 0 0 1
0.846987 0.502557 -0.173345 -0.274241
0.530777 -0.817711 0.222766 0.251774
-0.0297931 -0.280687 -0.959337 0.440239
0 0 0 1
0.852142 0.495143 -0.169376 -0.276448
0.522412 -0.823851 0.219897 0.250865
-0.0306599 -0.275867 -0.960707 0.44041
0 0 0 1
0.857217 0.48766 -0.165432 -0.278654
0.513993 -0.829897 0.216984 0.249957
-0.0314774 -0.271033 -0.962055 0.440582
0 0 0 1
0.862211 0.48011 -0.161515 -0.28086
0.505522 -0.835847 0.214026 0.249049
-0.0322454 -0.266185 -0.963382 0.440753
0 0 0 1
0.867125 0.472493 -0.157623 -0.283067
0.496999 -0.841701 0.211025 0.24814
-0.032964 -0.261323 -0.964688 0.440924
0 0 0 1
0.871957 0.464811 -0.153759 -0.285273
0.488426 -0.847458 0.207979 0.247232
-0.0336329 -0.256449 -0.965972 0.441095
0 0 0 1
0.876707 0.457065 -0.149922 -0.287479
0.479803 -0.853117 0.204891 0.246324
-0.0342523 -0.251562 -0.967235 0.441267
0 0 0 1
0.881375 0.449254 -0.146112 -0.289685
0.471132 -0.858678 0.201759 0.245415
-0.0348218 -0.246664 -0.968475 0.441438
0 0 0 1
0.88596 0.441382 -0.142331 -0.291892
0.462414 -0.86414 0.198585 0.244507
-0.0353416 -0.241754 -0.969694 0.441609
0 0 0 1
0.89046 0.433447 -0.138578 -0.294098
0.453649 -0.869502 0.195369 0.243599
-0.0358115 -0.236834 -0.97089 0.44178
0 0 0 1
0.894877 0.425452 -0.134854 -0.296304
0.444839 -0.874763 0.192111 0.24269
-0.0362315 -0.231905 -0.972064 0.441952
0 0 0 1
0.899209 0.417397 -0.13116 -0.298511
0.435985 -0.879924 0.188812 0.241782
-0.0366015 -0.226966 -0.973215 0.442123
0 0 0 1
0.903456 0.409283 -0.127496 -0.300717
0.427088 -0.884984 0.185472 0.240874
-0.0369215 -0.222018 -0.974343 0.442294
0 0 0 1
0.907617 0.401111 -0.123862 -0.302923
0.418149 -0.889941 0.182091 0.239966
-0.0371915 -0.217062 -0.975449 0.442465
0 0 0 1
0.911692 0.392882 -0.120259 -0.305129
0.409168 -0.894795 0.17867 0.239057
-0.0374113 -0.212098 -0.976532 0.442637
0 0 0 1
0.91568 0.384597 -0.116688 -0.307336
0.400148 -0.899546 0.175209 0.238149
-0.0375811 -0.207128 -0.977592 0.442808
0 0 0 1
0.91958 0.376257 -0.113148 -0.309542
0.391089 -0.904193 0.171709 0.237241
-0.0377007 -0.202151 -0.978628 0.442979
0 0 0 1
0.923393 0.367864 -0.10964 -0.311748
0.381992 -0.908736 0.16817 0.236332
-0.0377701 -0.197169 -0.979642 0.44315
0 0 0 1
0.927118 0.359417 -0.106165 -0.313955
0.372859 -0.913173 0.164592 0.235424
-0.0377895 -0.192181 -0.980632 0.443321
0 0 0 1
0.930755 0.350919 -0.102722 -0.316161
0.363689 -0.917506 0.160977 0.234516
-0.0377586 -0.187189 -0.981598 0.443493
0 0 0 1
0.934302 0.342369 -0.0993133 -0.318367
0.354486 -0.921732 0.157323 0.233607
-0.0376776 -0.182193 -0.982541 0.443664
0 0 0 1
0.93776 0.33377 -0.0959381 -0.320573
0.345249 -0.925851 0.153633 0.232699
-0.0375465 -0.177193 -0.98346 0.443835
0 0 0 1
0.941128 0.325122 -0.0925971 -0.32278
0.335979 -0.929864 0.149905 0.231791
-0.0373652 -0.172191 -0.984355 0.444006
0 0 0 1
0.944406 0.316426 -0.0892906 -0.324986
0.326679 -0.933769 0.146142 0.230882
-0.0371338 -0.167186 -0.985226 0.444178
0 0 0 1
0.947593 0.307683 -0.0860191 -0.327192
0.317348 -0.937565 0.142342 0.229974
-0.0368523 -0.16218 -0.986073 0.444349
0 0 0 1
0.950689 0.298894 -0.0827829 -0.329399
0.307988 -0.941254 0.138507 0.229066
-0.0365208 -0.157173 -0.986896 0.44452
0 0 0 1
0.953694 0.290061 -0.0795825 -0.331605
0.298601 -0.944833 0.134637 0.228158
-0.0361393 -0.152166 -0.987694 0.444691
0 0 0 1
0.956606 0.281184 -0.0764182 -0.333811
0.289187 -0.948304 0.130733 0.227249
-0.0357078 -0.147159 -0.988468 0.444863
0 0 0 1
0.959427 0.272264 -0.0732905 -0.336017
0.279747 -0.951664 0.126794 0.226341
-0.0352265 -0.142152 -0.989218 0.445034
0 0 0 1
0.962156 0.263303 -0.0701996 -0.338224
0.270283 -0.954915 0.122822 0.225433
-0.0346952 -0.137148 -0.989943 0.445205
0 0 0 1
0.964791 0.254302 -0.0671459 -0.34043
0.260795 -0.958055 0.118817 0.224524
-0.0341142 -0.132145 -0.990643 0.445376
0 0 0 1
0.967334 0.245261 -0.0641299 -0.342636
0.251285 -0.961083 0.114779 0.223616
-0.0334834 -0.127144 -0.991319 0.445548
0 0 0 1
0.969783 0.236182 -0.0611519 -0.344843
0.241755 -0.964001 0.110709 0.222708
-0.0328031 -0.122147 -0.99197 0.445719
0 0 0 1
0.972138 0.227065 -0.0582121 -0.347049
0.232204 -0.966807 0.106607 0.221799
-0.0320731 -0.117154 -0.992596 0.44589
0 0 0 1
0.9744 0.217913 -0.0553111 -0.349255
0.222634 -0.969501 0.102475 0.220891
-0.0312937 -0.112165 -0.993197 0.446061
0 0 0 1
0.976567 0.208725 -0.0524491 -0.351462
0.213047 -0.972083 0.0983111 0.219983
-0.0304649 -0.107181 -0.993773 0.446233
0 0 0 1
0.97864 0.199504 -0.0496265 -0.353668
0.203443 -0.974553 0.0941175 0.219074
-0.0295868 -0.102203 -0.994323 0.446404
0 0 0 1
0.980618 0.19025 -0.0468435 -0.355874
0.193824 -0.976909 0.0898942 0.218166
-0.0286595 -0.0972312 -0.994849 0.446575
0 0 0 1
0.982501 0.180964 -0.0441007 -0.35808
0.184191 -0.979152 0.0856418 0.217258
-0.0276832 -0.092266 -0.995349 0.446746
0 0 0 1
0.984288 0.171647 -0.0413981 -0.360287
0.174545 -0.981282 0.0813607 0.21635
-0.0266579 -0.0873082 -0.995825 0.446918
0 0 0 1
0.985981 0.162301 -0.0387363 -0.362493
0.164887 -0.983298 0.0770515 0.215441
-0.0255838 -0.0823584 -0.996274 0.447089
0 0 0 1
0.987577 0.152927 -0.0361155 -0.364699
0.155218 -0.9852 0.0727146 0.214533
-0.024461 -0.0774171 -0.996699 0.44726
0 0 0 1
0.989078 0.143525 -0.033536 -0.366906
0.145539 -0.986989 0.0683507 0.213625
-0.0232896 -0.072485 -0.997098 0.447431
0 0 0 1
0.990483 0.134097 -0.0309982 -0.369112
0.135853 -0.988662 0.0639601 0.212716
-0.0220698 -0.0675626 -0.997471 0.447603
0 0 0 1
0.991792 0.124645 -0.0285022 -0.371318
0.126158 -0.990222 0.0595435 0.211808
-0.0208017 -0.0626506 -0.997819 0.447774
0 0 0 1
0.993004 0.115168 -0.0260485 -0.373524
0.116458 -0.991666 0.0551014 0.2109
-0.0194855 -0.0577495 -0.998141 0.447945
0 0 0 1
0.99412 0.105668 -0.0236374 -0.375731
0.106753 -0.992995 0.0506342 0.209991
-0.0181214 -0.0528599 -0.998438 0.448116
0 0 0 1
0.99514 0.0961474 -0.021269 -0.377937
0.0970438 -0.99421 0.0461426 0.209083
-0.0167094 -0.0479824 -0.998708 0.448288
0 0 0 1
0.996063 0.086606 -0.0189438 -0.380143
0.0873322 -0.995309 0.0416271 0.208175
-0.0152498 -0.0431176 -0.998954 0.448459
0 0 0 1
0.996888 0.0770452 -0.0166619 -0.38235
0.077619 -0.996293 0.0370882 0.207267
-0.0137427 -0.038266 -0.999173 0.44863
0 0 0 1
0.997617 0.0674662 -0.0144237 -0.384556
0.0679056 -0.997161 0.0325264 0.206358
-0.0121883 -0.0334283 -0.999367 0.448801
0 0 0 1
0.998249 0.0578702 -0.0122294 -0.386762
0.0581931 -0.997914 0.0279423 0.20545
-0.0105869 -0.0286051 -0.999535 0.448973
0 0 0 1
0.998784 0.0482583 -0.0100793 -0.388968
0.0484825 -0.998551 0.0233365 0.204542
-0.00893848 -0.0237968 -0.999677 0.449144
0 0 0 1
0.999222 0.0386316 -0.00797357 -0.391175
0.0387751 -0.999073 0.0187094 0.203633
-0.0072434 -0.019004 -0.999793 0.449315
0 0 0 1
0.999562 0.0289914 -0.00591257 -0.393381
0.0290721 -0.999478 0.0140617 0.202725
-0.00550182 -0.0142275 -0.999884 0.449486
0 0 0 1
0.999805 0.0193387 -0.0038965 -0.395587
0.0193746 -0.999768 0.00939395 0.201817
-0.00371393 -0.00946761 -0.999948 0.449658
0 0 0 1
0.999951 0.00967473 -0.00192561 -0.397794
0.0096837 -0.999942 0.00470662 0.200908
-0.00187996 -0.00472503 -0.999987 0.449829
0 0 0 1
1 6.3459e-07 -1.24751e-07 -0.4
6.3459e-07 -1 3.0918e-07 0.2
-1.24751e-07 -3.0918e-07 -1 0.45
0 0 0 1
1 0 0 -0.4
0 -1 -1.22465e-16 0.2
0 1.22465e-16 -1 0.45
0 0 0 1
1 0 0 -0.3985
0 -1 -1.22465e-16 0.2025
0 1.22465e-16 -1 0.4485
0 0 0 1
1 0 0 -0.397
0 -1 -1.22465e-16 0.205
0 1.22465e-16 -1 0.447
0 0 0 1
1 0 0 -0.3955
0 -1 -1.22465e-16 0.2075
0 1.22465e-16 -1 0.4455
0 0 0 1
1 0 0 -0.394
0 -1 -1.22465e-16 0.21
0 1.22465e-16 -1 0.444
0 0 0 1
1 0 0 -0.3925
0 -1 -1.22465e-16 0.2125
0 1.22465e-16 -1 0.4425
0 0 0 1
1 0 0 -0.391
0 -1 -1.22465e-16 0.215
0 1.22465e-16 -1 0.441
0 0 0 1
1 0 0 -0.3895
0 -1 -1.22465e-16 0.2175
0 1.22465e-16 -1 0.4395
0 0 0 1
1 0 0 -0.388
0 -1 -1.22465e-16 0.22
0 1.22465e-16 -1 0.438
0 0 0 1
1 0 0 -0.3865
0 -1 -1.22465e-16 0.2225
0 1.22465e-16 -1 0.4365
0 0 0 1
1 0 0 -0.385
0 -1 -1.22465e-16 0.225
0 1.22465e-16 -1 0.435
0 0 0 1
1 0 0 -0.3835
0 -1 -1.22465e-16 0.2275
0 1.22465e-16 -1 0.4335
0 0 0 1
1 0 0 -0.382
0 -1 -1.22465e-16 0.23
0 1.22465e-16 -1 0.432
0 0 0 1
1 0 0 -0.3805
0 -1 -1.22465e-16 0.2325
0 1.22465e-16 -1 0.4305
0 0 0 1
1 0 0 -0.379
0 -1 -1.22465e-16 0.235
0 1.22465e-16 -1 0.429
0 0 0 1
1 0 0 -0.3775
0 -1 -1.22465e-16 0.2375
0 1.22465e-16 -1 0.4275
0 0 0 1
1 0 0 -0.376
0 -1 -1.22465e-16 0.24
0 1.22465e-16 -1 0.426
0 0 0 1
1 0 0 -0.3745
0 -1 -1.22465e-16 0.2425
0 1.22465e-16 -1 0.4245
0 0 0 1
1 0 0 -0.373
0 -1 -1.22465e-16 0.245
0 1.22465e-16 -1 0.423
0 0 0 1
1 0 0 -0.3715
0 -1 -1.22465e-16 0.2475
0 1.22465e-16 -1 0.4215
0 0 0 1
1 0 0 -0.37
0 -1 -1.22465e-16 0.25
0 1.22465e-16 -1 0.42
0 0 0 1
1 0 0 -0.3685
0 -1 -1.22465e-16 0.2525
0 1.22465e-16 -1 0.4185
0 0 0 1
1 0 0 -0.367
0 -1 -1.22465e-16 0.255
0 1.22465e-16 -1 0.417
0 0 0 1
1 0 0 -0.3655
0 -1 -1.22465e-16 0.2575
0 1.22465e-16 -1 0.4155
0 0 0 1
1 0 0 -0.364
0 -1 -1.22465e-16 0.26
0 1.22465e-16 -1 0.414
0 0 0 1
1 0 0 -0.3625
0 -1 -1.22465e-16 0.2625
0 1.22465e-16 -1 0.4125
0 0 0 1
1 0 0 -0.361
0 -1 -1.22465e-16 0.265
0 1.22465e-16 -1 0.411
0 0 0 1
1 0 0 -0.3595
0 -1 -1.22465e-16 0.2675
0 1.22465e-16 -1 0.4095
0 0 0 1
1 0 0 -0.358
0 -1 -1.22465e-16 0.27
0 1.22465e-16 -1 0.408
0 0 0 1
1 0 0 -0.3565
0 -1 -1.22465e-16 0.2725
0 1.22465e-16 -1 0.4065
0 0 0 1
1 0 0 -0.355
0 -1 -1.22465e-16 0.275
0 1.22465e-16 -1 0.405
0 0 0 1
1 0 0 -0.3535
0 -1 -1.22465e-16 0.2775
0 1.22465e-16 -1 0.4035
0 0 0 1
1 0 0 -0.352
0 -1 -1.22465e-16 0.28
0 1.22465e-16 -1 0.402
0 0 0 1
1 0 0 -0.3505
0 -1 -1.22465e-16 0.2825
0 1.22465e-16 -1 0.4005
0 0 0 1
1 0 0 -0.349
0 -1 -1.22465e-16 0.285
0 1.22465e-16 -1 0.399
0 0 0 1
1 0 0 -0.3475
0 -1 -1.22465e-16 0.2875
0 1.22465e-16 -1 0.3975
0 0 0 1
1 0 0 -0.346
0 -1 -1.22465e-16 0.29
0 1.22465e-16 -1 0.396
0 0 0 1
1 0 0 -0.3445
0 -1 -1.22465e-16 0.2925
0 1.22465e-16 -1 0.3945
0 0 0 1
1 0 0 -0.343
0 -1 -1.22465e-16 0.295
0 1.22465e-16 -1 0.393
0 0 0 1
1 0 0 -0.3415
0 -1 -1.22465e-16 0.2975
0 1.22465e-16 -1 0.3915
0 0 0 1
1 0 0 -0.34
0 -1 -1.22465e-16 0.3
0 1.22465e-16 -1 0.39
0 0 0 1
1 0 0 -0.3385
0 -1 -1.22465e-16 0.3025
0 1.22465e-16 -1 0.3885
0 0 0 1
1 0 0 -0.337
0 -1 -1.22465e-16 0.305
0 1.22465e-16 -1 0.387
0 0 0 1
1 0 0 -0.3355
0 -1 -1.22465e-16 0.3075
0 1.22465e-16 -1 0.3855
0 0 0 1
1 0 0 -0.334
0 -1 -1.22465e-16 0.31
0 1.22465e-16 -1 0.384
0 0 0 1
1 0 0 -0.3325
0 -1 -1.22465e-16 0.3125
0 1.22465e-16 -1 0.3825
0 0 0 1
1 0 0 -0.331
0 -1 -1.22465e-16 0.315
0 1.22465e-16 -1 0.381
0 0 0 1
1 0 0 -0.3295
0 -1 -1.22465e-16 0.3175
0 1.22465e-16 -1 0.3795
0 0 0 1
1 0 0 -0.328
0 -1 -1.22465e-16 0.32
0 1.22465e-16 -1 0.378
0 0 0 1
1 0 0 -0.3265
0 -1 -1.22465e-16 0.3225
0 1.22465e-16 -1 0.3765
0 0 0 1
1 0 0 -0.325
0 -1 -1.22465e-16 0.325
0 1.22465e-16 -1 0.375
0 0 0 1
1 0 0 -0.3235
0 -1 -1.22465e-16 0.3275
0 1.22465e-16 -1 0.3735
0 0 0 1
1 0 0 -0.322
0 -1 -1.22465e-16 0.33
0 1.22465e-16 -1 0.372
0 0 0 1
1 0 0 -0.3205
0 -1 -1.22465e-16 0.3325
0 1.22465e-16 -1 0.3705
0 0 0 1
1 0 0 -0.319
0 -1 -1.22465e-16 0.335
0 1.22465e-16 -1 0.369
0 0 0 1
1 0 0 -0.3175
0 -1 -1.22465e-16 0.3375
0 1.22465e-16 -1 0.3675
0 0 0 1
1 0 0 -0.316
0 -1 -1.22465e-16 0.34
0 1.22465e-16 -1 0.366
0 0 0 1
1 0 0 -0.3145
0 -1 -1.22465e-16 0.3425
0 1.22465e-16 -1 0.3645
0 0 0 1
1 0 0 -0.313
0 -1 -1.22465e-16 0.345
0 1.22465e-16 -1 0.363
0 0 0 1
1 0 0 -0.3115
0 -1 -1.22465e-16 0.3475
0 1.22465e-16 -1 0.3615
0 0 0 1
1 0 0 -0.31
0 -1 -1.22465e-16 0.35
0 1.22465e-16 -1 0.36
0 0 0 1
1 0 0 -0.3085
0 -1 -1.22465e-16 0.3525
0 1.22465e-16 -1 0.3585
0 0 0 1
1 0 0 -0.307
0 -1 -1.22465e-16 0.355
0 1.22465e-16 -1 0.357
0 0 0 1
1 0 0 -0.3055
0 -1 -1.22465e-16 0.3575
0 1.22465e-16 -1 0.3555
0 0 0 1
1 0 0 -0.304
0 -1 -1.22465e-16 0.36
0 1.22465e-16 -1 0.354
0 0 0 1
1 0 0 -0.3025
0 -1 -1.22465e-16 0.3625
0 1.22465e-16 -1 0.3525
0 0 0 1
1 0 0 -0.301
0 -1 -1.22465e-16 0.365
0 1.22465e-16 -1 0.351
0 0 0 1
1 0 0 -0.2995
0 -1 -1.22465e-16 0.3675
0 1.22465e-16 -1 0.3495
0 0 0 1
1 0 0 -0.298
0 -1 -1.22465e-16 0.37
0 1.22465e-16 -1 0.348
0 0 0 1
1 0 0 -0.2965
0 -1 -1.22465e-16 0.3725
0 1.22465e-16 -1 0.3465
0 0 0 1
1 0 0 -0.295
0 -1 -1.22465e-16 0.375
0 1.22465e-16 -1 0.345
0 0 0 1
1 0 0 -0.2935
0 -1 -1.22465e-16 0.3775
0 1.22465e-16 -1 0.3435
0 0 0 1
1 0 0 -0.292
0 -1 -1.22465e-16 0.38
0 1.22465e-16 -1 0.342
0 0 0 1
1 0 0 -0.2905
0 -1 -1.22465e-16 0.3825
0 1.22465e-16 -1 0.3405
0 0 0 1
1 0 0 -0.289
0 -1 -1.22465e-16 0.385
0 1.22465e-16 -1 0.339
0 0 0 1
1 0 0 -0.2875
0 -1 -1.22465e-16 0.3875
0 1.22465e-16 -1 0.3375
0 0 0 1
1 0 0 -0.286
0 -1 -1.22465e-16 0.39
0 1.22465e-16 -1 0.336
0 0 0 1
1 0 0 -0.2845
0 -1 -1.22465e-16 0.3925
0 1.22465e-16 -1 0.3345
0 0 0 1
1 0 0 -0.283
0 -1 -1.22465e-16 0.395
0 1.22465e-16 -1 0.333
0 0 0 1
1 0 0 -0.2815
0 -1 -1.22465e-16 0.3975
0 1.22465e-16 -1 0.3315
0 0 0 1
1 0 0 -0.28
0 -1 -1.22465e-16 0.4
0 1.22465e-16 -1 0.33
0 0 0 1
1 0 0 -0.2785
0 -1 -1.22465e-16 0.4025
0 1.22465e-16 -1 0.3285
0 0 0 1
1 0 0 -0.277
0 -1 -1.22465e-16 0.405
0 1.22465e-16 -1 0.327
0 0 0 1
1 0 0 -0.2755
0 -1 -1.22465e-16 0.4075
0 1.22465e-16 -1 0.3255
0 0 0 1
1 0 0 -0.274
0 -1 -1.22465e-16 0.41
0 1.22465e-16 -1 0.324
0 0 0 1
1 0 0 -0.2725
0 -1 -1.22465e-16 0.4125
0 1.22465e-16 -1 0.3225
0 0 0 1
1 0 0 -0.271
0 -1 -1.22465e-16 0.415
0 1.22465e-16 -1 0.321
0 0 0 1
1 0 0 -0.2695
0 -1 -1.22465e-16 0.4175
0 1.22465e-16 -1 0.3195
0 0 0 1
1 0 0 -0.268
0 -1 -1.22465e-16 0.42
0 1.22465e-16 -1 0.318
0 0 0 1
1 0 0 -0.2665
0 -1 -1.22465e-16 0.4225
0 1.22465e-16 -1 0.3165
0 0 0 1
1 0 0 -0.265
0 -1 -1.22465e-16 0.425
0 1.22465e-16 -1 0.315
0 0 0 1
1 0 0 -0.2635
0 -1 -1.22465e-16 0.4275
0 1.22465e-16 -1 0.3135
0 0 0 1
1 0 0 -0.262
0 -1 -1.22465e-16 0.43
0 1.22465e-16 -1 0.312
0 0 0 1
1 0 0 -0.2605
0 -1 -1.22465e-16 0.4325
0 1.22465e-16 -1 0.3105
0 0 0 1
1 0 0 -0.259
0 -1 -1.22465e-16 0.435
0 1.22465e-16 -1 0.309
0 0 0 1
1 0 0 -0.2575
0 -1 -1.22465e-16 0.4375
0 1.22465e-16 -1 0.3075
0 0 0 1
1 0 0 -0.256
0 -1 -1.22465e-16 0.44
0 1.22465e-16 -1 0.306
0 0 0 1
1 0 0 -0.2545
0 -1 -1.22465e-16 0.4425
0 1.22465e-16 -1 0.3045
0 0 0 1
1 0 0 -0.253
0 -1 -1.22465e-16 0.445
0 1.22465e-16 -1 0.303
0 0 0 1
1 0 0 -0.2515
0 -1 -1.22465e-16 0.4475
0 1.22465e-16 -1 0.3015
0 0 0 1
1 0 0 -0.25
0 -1 -1.22465e-16 0.45
0 1.22465e-16 -1 0.3
0 0 0 1
1 0 0 -0.25
0 -1 -1.22465e-16 0.45
0 1.22465e-16 -1 0.3
0 0 0 1
1 0 0 -0.25
0 -1 -1.22465e-16 0.45
0 1.22465e-16 -1 0.2975
0 0 0 1
1 0 0 -0.25
0 -1 -1.22465e-16 0.45
0 1.22465e-16 -1 0.295
0 0 0 1
1 0 0 -0.25
0 -1 -1.22465e-16 0.45
0 1.22465e-16 -1 0.2925
0 0 0 1
1 0 0 -0.25
0 -1 -1.22465e-16 0.45
0 1.22465e-16 -1 0.29
0 0 0 1
1 0 0 -0.25
0 -1 -1.22465e-16 0.45
0 1.22465e-16 -1 0.2875
0 0 0 1
1 0 0 -0.25
0 -1 -1.22465e-16 0.45
0 1.22465e-16 -1 0.285
0 0 0 1
1 0 0 -0.25
0 -1 -1.22465e-16 0.45
0 1.22465e-16 -1 0.2825
0 0 0 1
1 0 0 -0.25
0 -1 -1.22465e-16 0.45
0 1.22465e-16 -1 0.28
0 0 0 1
1 0 0 -0.25
0 -1 -1.22465e-16 0.45
0 1.22465e-16 -1 0.2775
0 0 0 1
1 0 0 -0.25
0 -1 -1.22465e-16 0.45
0 1.22465e-16 -1 0.275
0 0 0 1
1 0 0 -0.25
0 -1 -1.22465e-16 0.45
0 1.22465e-16 -1 0.2725
0 0 0 1
1 0 0 -0.25
0 -1 -1.22465e-16 0.45
0 1.22465e-16 -1 0.27
0 0 0 1
1 0 0 -0.25
0 -1 -1.22465e-16 0.45
0 1.22465e-16 -1 0.2675
0 0 0 1
1 0 0 -0.25
0 -1 -1.22465e-16 0.45
0 1.22465e-16 -1 0.265
0 0 0 1
1 0 0 -0.25
0 -1 -1.22465e-16 0.45
0 1.22465e-16 -1 0.2625
0 0 0 1
1 0 0 -0.25
0 -1 -1.22465e-16 0.45
0 1.22465e-16 -1 0.26
0 0 0 1
1 0 0 -0.25
0 -1 -1.22465e-16 0.45
0 1.22465e-16 -1 0.2575
0 0 0 1
1 0 0 -0.25
0 -1 -1.22465e-16 0.45
0 1.22465e-16 -1 0.255
0 0 0 1
1 0 0 -0.25
0 -1 -1.22465e-16 0.45
0 1.22465e-16 -1 0.2525
0 0 0 1
1 0 0 -0.25
0 -1 -1.22465e-16 0.45
0 1.22465e-16 -1 0.25
0 0 0 1
1 0 0 -0.25
0 -1 -1.22465e-16 0.45
0 1.22465e-16 -1 0.2475
0 0 0 1
1 0 0 -0.25
0 -1 -1.22465e-16 0.45
0 1.22465e-16 -1 0.245
0 0 0 1
1 0 0 -0.25
0 -1 -1.22465e-16 0.45
0 1.22465e-16 -1 0.2425
0 0 0 1
1 0 0 -0.25
0 -1 -1.22465e-16 0.45
0 1.22465e-16 -1 0.24
0 0 0 1
1 0 0 -0.25
0 -1 -1.22465e-16 0.45
0 1.22465e-16 -1 0.2375
0 0 0 1
1 0 0 -0.25
0 -1 -1.22465e-16 0.45
0 1.22465e-16 -1 0.235
0 0 0 1
1 0 0 -0.25
0 -1 -1.22465e-16 0.45
0 1.22465e-16 -1 0.2325
0 0 0 1
1 0 0 -0.25
0 -1 -1.22465e-16 0.45
0 1.22465e-16 -1 0.23
0 0 0 1
1 0 0 -0.25
0 -1 -1.22465e-16 0.45
0 1.22465e-16 -1 0.2275
0 0 0 1
1 0 0 -0.25
0 -1 -1.22465e-16 0.45
0 1.22465e-16 -1 0.225
0 0 0 1
1 0 0 -0.25
0 -1 -1.22465e-16 0.45
0 1.22465e-16 -1 0.2225
0 0 0 1
1 0 0 -0.25
0 -1 -1.22465e-16 0.45
0 1.22465e-16 -1 0.22
0 0 0 1
1 0 0 -0.25
0 -1 -1.22465e-16 0.45
0 1.22465e-16 -1 0.2175
0 0 0 1
1 0 0 -0.25
0 -1 -1.22465e-16 0.45
0 1.22465e-16 -1 0.215
0 0 0 1
1 0 0 -0.25
0 -1 -1.22465e-16 0.45
0 1.22465e-16 -1 0.2125
0 0 0 1
1 0 0 -0.25
0 -1 -1.22465e-16 0.45
0 1.22465e-16 -1 0.21
0 0 0 1
1 0 0 -0.25
0 -1 -1.22465e-16 0.45
0 1.22465e-16 -1 0.2075
0 0 0 1
1 0 0 -0.25
0 -1 -1.22465e-16 0.45
0 1.22465e-16 -1 0.205
0 0 0 1
1 0 0 -0.25
0 -1 -1.22465e-16 0.45
0 1.22465e-16 -1 0.2025
0 0 0 1
1 0 0 -0.25
0 -1 -1.22465e-16 0.45
0 1.22465e-16 -1 0.2
0 0 0 1
1 0 0 -0.25
0 -1 -1.22465e-16 0.45
0 1.22465e-16 -1 0.1975
0 0 0 1
1 0 0 -0.25
0 -1 -1.22465e-16 0.45
0 1.22465e-16 -1 0.195
0 0 0 1
1 0 0 -0.25
0 -1 -1.22465e-16 0.45
0 1.22465e-16 -1 0.1925
0 0 0 1
1 0 0 -0.25
0 -1 -1.22465e-16 0.45
0 1.22465e-16 -1 0.19
0 0 0 1
1 0 0 -0.25
0 -1 -1.22465e-16 0.45
0 1.22465e-16 -1 0.1875
0 0 0 1
1 0 0 -0.25
0 -1 -1.22465e-16 0.45
0 1.22465e-16 -1 0.185
0 0 0 1
1 0 0 -0.25
0 -1 -1.22465e-16 0.45
0 1.22465e-16 -1 0.1825
0 0 0 1
1 0 0 -0.25
0 -1 -1.22465e-16 0.45
0 1.22465e-16 -1 0.18
0 0 0 1
1 0 0 -0.25
0 -1 -1.22465e-16 0.45
0 1.22465e-16 -1 0.1775
0 0 0 1
1 0 0 -0.25
0 -1 -1.22465e-16 0.45
0 1.22465e-16 -1 0.175
0 0 0 1
1 0 0 -0.25
0 -1 -1.22465e-16 0.45
0 1.22465e-16 -1 0.1725
0 0 0 1
1 0 0 -0.25
0 -1 -1.22465e-16 0.45
0 1.22465e-16 -1 0.17
0 0 0 1
1 0 0 -0.25
0 -1 -1.22465e-16 0.45
0 1.22465e-16 -1 0.1675
0 0 0 1
1 0 0 -0.25
0 -1 -1.22465e-16 0.45
0 1.22465e-16 -1 0.165
0 0 0 1
1 0 0 -0.25
0 -1 -1.22465e-16 0.45
0 1.22465e-16 -1 0.1625
0 0 0 1
1 0 0 -0.25
0 -1 -1.22465e-16 0.45
0 1.22465e-16 -1 0.16
0 0 0 1
1 0 0 -0.25
0 -1 -1.22465e-16 0.45
0 1.22465e-16 -1 0.1575
0 0 0 1
1 0 0 -0.25
0 -1 -1.22465e-16 0.45
0 1.22465e-16 -1 0.155
0 0 0 1
1 0 0 -0.25
0 -1 -1.22465e-16 0.45
0 1.22465e-16 -1 0.1525
0 0 0 1
1 0 0 -0.25
0 -1 -1.22465e-16 0.45
0 1.22465e-16 -1 0.15
0 0 0 1
1 0 0 -0.25
0 -1 -1.22465e-16 0.45
0 1.22465e-16 -1 0.1475
0 0 0 1
1 0 0 -0.25
0 -1 -1.22465e-16 0.45
0 1.22465e-16 -1 0.145
0 0 0 1
1 0 0 -0.25
0 -1 -1.22465e-16 0.45
0 1.22465e-16 -1 0.1425
0 0 0 1
1 0 0 -0.25
0 -1 -1.22465e-16 0.45
0 1.22465e-16 -1 0.14
0 0 0 1
1 0 0 -0.25
0 -1 -1.22465e-16 0.45
0 1.22465e-16 -1 0.1375
0 0 0 1
1 0 0 -0.25
0 -1 -1.22465e-16 0.45
0 1.22465e-16 -1 0.135
0 0 0 1
1 0 0 -0.25
0 -1 -1.22465e-16 0.45
0 1.22465e-16 -1 0.1325
0 0 0 1
1 0 0 -0.25
0 -1 -1.22465e-16 0.45
0 1.22465e-16 -1 0.13
0 0 0 1
1 0 0 -0.25
0 -1 -1.22465e-16 0.45
0 1.22465e-16 -1 0.1275
0 0 0 1
1 0 0 -0.25
0 -1 -1.22465e-16 0.45
0 1.22465e-16 -1 0.125
0 0 0 1
1 0 0 -0.25
0 -1 -1.22465e-16 0.45
0 1.22465e-16 -1 0.1225
0 0 0 1
1 0 0 -0.25
0 -1 -1.22465e-16 0.45
0 1.22465e-16 -1 0.12
0 0 0 1
1 0 0 -0.25
0 -1 -1.22465e-16 0.45
0 1.22465e-16 -1 0.1175
0 0 0 1
1 0 0 -0.25
0 -1 -1.22465e-16 0.45
0 1.22465e-16 -1 0.115
0 0 0 1
1 0 0 -0.25
0 -1 -1.22465e-16 0.45
0 1.22465e-16 -1 0.1125
0 0 0 1
1 0 0 -0.25
0 -1 -1.22465e-16 0.45
0 1.22465e-16 -1 0.11
0 0 0 1
1 0 0 -0.25
0 -1 -1.22465e-16 0.45
0 1.22465e-16 -1 0.1075
0 0 0 1
1 0 0 -0.25
0 -1 -1.22465e-16 0.45
0 1.22465e-16 -1 0.105
0 0 0 1
1 0 0 -0.25
0 -1 -1.22465e-16 0.45
0 1.22465e-16 -1 0.1025
0 0 0 1
1 0 0 -0.25
0 -1 -1.22465e-16 0.45
0 1.22465e-16 -1 0.1
0 0 0 1
1 0 0 -0.25
0 -1 -1.22465e-16 0.45
0 1.22465e-16 -1 0.0975002
0 0 0 1
1 0 0 -0.25
0 -1 -1.22465e-16 0.45
0 1.22465e-16 -1 0.0950002
0 0 0 1
1 0 0 -0.25
0 -1 -1.22465e-16 0.45
0 1.22465e-16 -1 0.0925002
0 0 0 1
1 0 0 -0.25
0 -1 -1.22465e-16 0.45
0 1.22465e-16 -1 0.0900002
0 0 0 1
1 0 0 -0.25
0 -1 -1.22465e-16 0.45
0 1.22465e-16 -1 0.0875002
0 0 0 1
1 0 0 -0.25
0 -1 -1.22465e-16 0.45
0 1.22465e-16 -1 0.0850002
0 0 0 1
1 0 0 -0.25
0 -1 -1.22465e-16 0.45
0 1.22465e-16 -1 0.0825002
0 0 0 1
1 0 0 -0.25
0 -1 -1.22465e-16 0.45
0 1.22465e-16 -1 0.0800002
0 0 0 1
1 0 0 -0.25
0 -1 -1.22465e-16 0.45
0 1.22465e-16 -1 0.0775002
0 0 0 1
1 0 0 -0.25
0 -1 -1.22465e-16 0.45
0 1.22465e-16 -1 0.0750002
0 0 0 1
1 0 0 -0.25
0 -1 -1.22465e-16 0.45
0 1.22465e-16 -1 0.0725002
0 0 0 1
1 0 0 -0.25
0 -1 -1.22465e-16 0.45
0 1.22465e-16 -1 0.0700002
0 0 0 1
1 0 0 -0.25
0 -1 -1.22465e-16 0.45
0 1.22465e-16 -1 0.0675002
0 0 0 1
1 0 0 -0.25
0 -1 -1.22465e-16 0.45
0 1.22465e-16 -1 0.0650002
0 0 0 1
1 0 0 -0.25
0 -1 -1.22465e-16 0.45
0 1.22465e-16 -1 0.0625002
0 0 0 1
1 0 0 -0.25
0 -1 -1.22465e-16 0.45
0 1.22465e-16 -1 0.0600002
0 0 0 1
1 0 0 -0.25
0 -1 -1.22465e-16 0.45
0 1.22465e-16 -1 0.0575002
0 0 0 1
1 0 0 -0.25
0 -1 -1.22465e-16 0.45
0 1.22465e-16 -1 0.0550002
0 0 0 1
1 0 0 -0.25
0 -1 -1.22465e-16 0.45
0 1.22465e-16 -1 0.0525002
0 0 0 1
1 0 0 -0.25
0 -1 -1.22465e-16 0.45
0 1.22465e-16 -1 0.0500002
0 0 0 1
1 0 0 -0.25
0 -1 -1.22465e-16 0.45
0 1.22465e-16 -1 0.05
0 0 0 1
1 0 0 -0.25
0 -1 -1.22465e-16 0.45
0 1.22465e-16 -1 0.0525
0 0 0 1
1 0 0 -0.25
0 -1 -1.22465e-16 0.45
0 1.22465e-16 -1 0.055
0 0 0 1
1 0 0 -0.25
0 -1 -1.22465e-16 0.45
0 1.22465e-16 -1 0.0575
0 0 0 1
1 0 0 -0.25
0 -1 -1.22465e-16 0.45
0 1.22465e-16 -1 0.06
0 0 0 1
1 0 0 -0.25
0 -1 -1.22465e-16 0.45
0 1.22465e-16 -1 0.0625
0 0 0 1
1 0 0 -0.25
0 -1 -1.22465e-16 0.45
0 1.22465e-16 -1 0.065
0 0 0 1
1 0 0 -0.25
0 -1 -1.22465e-16 0.45
0 1.22465e-16 -1 0.0675
0 0 0 1
1 0 0 -0.25
0 -1 -1.22465e-16 0.45
0 1.22465e-16 -1 0.07
0 0 0 1
1 0 0 -0.25
0 -1 -1.22465e-16 0.45
0 1.22465e-16 -1 0.0725
0 0 0 1
1 0 0 -0.25
0 -1 -1.22465e-16 0.45
0 1.22465e-16 -1 0.075
0 0 0 1
1 0 0 -0.25
0 -1 -1.22465e-16 0.45
0 1.22465e-16 -1 0.0775
0 0 0 1
1 0 0 -0.25
0 -1 -1.22465e-16 0.45
0 1.22465e-16 -1 0.08
0 0 0 1
1 0 0 -0.25
0 -1 -1.22465e-16 0.45
0 1.22465e-16 -1 0.0825
0 0 0 1
1 0 0 -0.25
0 -1 -1.22465e-16 0.45
0 1.22465e-16 -1 0.085
0 0 0 1
1 0 0 -0.25
0 -1 -1.22465e-16 0.45
0 1.22465e-16 -1 0.0875
0 0 0 1
1 0 0 -0.25
0 -1 -1.22465e-16 0.45
0 1.22465e-16 -1 0.09
0 0 0 1
1 0 0 -0.25
0 -1 -1.22465e-16 0.45
0 1.22465e-16 -1 0.0925
0 0 0 1
1 0 0 -0.25
0 -1 -1.22465e-16 0.45
0 1.22465e-16 -1 0.095
0 0 0 1
1 0 0 -0.25
0 -1 -1.22465e-16 0.45
0 1.22465e-16 -1 0.0975
0 0 0 1
1 0 0 -0.25
0 -1 -1.22465e-16 0.45
0 1.22465e-16 -1 0.1
0 0 0 1
1 0 0 -0.25
0 -1 -1.22465e-16 0.45
0 1.22465e-16 -1 0.1025
0 0 0 1
1 0 0 -0.25
0 -1 -1.22465e-16 0.45
0 1.22465e-16 -1 0.105
0 0 0 1
1 0 0 -0.25
0 -1 -1.22465e-16 0.45
0 1.22465e-16 -1 0.1075
0 0 0 1
1 0 0 -0.25
0 -1 -1.22465e-16 0.45
0 1.22465e-16 -1 0.11
0 0 0 1
1 0 0 -0.25
0 -1 -1.22465e-16 0.45
0 1.22465e-16 -1 0.1125
0 0 0 1
1 0 0 -0.25
0 -1 -1.22465e-16 0.45
0 1.22465e-16 -1 0.115
0 0 0 1
1 0 0 -0.25
0 -1 -1.22465e-16 0.45
0 1.22465e-16 -1 0.1175
0 0 0 1
1 0 0 -0.25
0 -1 -1.22465e-16 0.45
0 1.22465e-16 -1 0.12
0 0 0 1
1 0 0 -0.25
0 -1 -1.22465e-16 0.45
0 1.22465e-16 -1 0.1225
0 0 0 1
1 0 0 -0.25
0 -1 -1.22465e-16 0.45
0 1.22465e-16 -1 0.125
0 0 0 1
1 0 0 -0.25
0 -1 -1.22465e-16 0.45
0 1.22465e-16 -1 0.1275
0 0 0 1
1 0 0 -0.25
0 -1 -1.22465e-16 0.45
0 1.22465e-16 -1 0.13
0 0 0 1
1 0 0 -0.25
0 -1 -1.22465e-16 0.45
0 1.22465e-16 -1 0.1325
0 0 0 1
1 0 0 -0.25
0 -1 -1.22465e-16 0.45
0 1.22465e-16 -1 0.135
0 0 0 1
1 0 0 -0.25
0 -1 -1.22465e-16 0.45
0 1.22465e-16 -1 0.1375
0 0 0 1
1 0 0 -0.25
0 -1 -1.22465e-16 0.45
0 1.22465e-16 -1 0.14
0 0 0 1
1 0 0 -0.25
0 -1 -1.22465e-16 0.45
0 1.22465e-16 -1 0.1425
0 0 0 1
1 0 0 -0.25
0 -1 -1.22465e-16 0.45
0 1.22465e-16 -1 0.145
0 0 0 1
1 0 0 -0.25
0 -1 -1.22465e-16 0.45
0 1.22465e-16 -1 0.1475
0 0 0 1
1 0 0 -0.25
0 -1 -1.22465e-16 0.45
0 1.22465e-16 -1 0.15
0 0 0 1
1 0 0 -0.25
0 -1 -1.22465e-16 0.45
0 1.22465e-16 -1 0.1525
0 0 0 1
1 0 0 -0.25
0 -1 -1.22465e-16 0.45
0 1.22465e-16 -1 0.155
0 0 0 1
1 0 0 -0.25
0 -1 -1.22465e-16 0.45
0 1.22465e-16 -1 0.1575
0 0 0 1
1 0 0 -0.25
0 -1 -1.22465e-16 0.45
0 1.22465e-16 -1 0.16
0 0 0 1
1 0 0 -0.25
0 -1 -1.22465e-16 0.45
0 1.22465e-16 -1 0.1625
0 0 0 1
1 0 0 -0.25
0 -1 -1.22465e-16 0.45
0 1.22465e-16 -1 0.165
0 0 0 1
1 0 0 -0.25
0 -1 -1.22465e-16 0.45
0 1.22465e-16 -1 0.1675
0 0 0 1
1 0 0 -0.25
0 -1 -1.22465e-16 0.45
0 1.22465e-16 -1 0.17
0 0 0 1
1 0 0 -0.25
0 -1 -1.22465e-16 0.45
0 1.22465e-16 -1 0.1725
0 0 0 1
1 0 0 -0.25
0 -1 -1.22465e-16 0.45
0 1.22465e-16 -1 0.175
0 0 0 1
1 0 0 -0.25
0 -1 -1.22465e-16 0.45
0 1.22465e-16 -1 0.1775
0 0 0 1
1 0 0 -0.25
0 -1 -1.22465e-16 0.45
0 1.22465e-16 -1 0.18
0 0 0 1
1 0 0 -0.25
0 -1 -1.22465e-16 0.45
0 1.22465e-16 -1 0.1825
0 0 0 1
1 0 0 -0.25
0 -1 -1.22465e-16 0.45
0 1.22465e-16 -1 0.185
0 0 0 1
1 0 0 -0.25
0 -1 -1.22465e-16 0.45
0 1.22465e-16 -1 0.1875
0 0 0 1
1 0 0 -0.25
0 -1 -1.22465e-16 0.45
0 1.22465e-16 -1 0.19
0 0 0 1
1 0 0 -0.25
0 -1 -1.22465e-16 0.45
0 1.22465e-16 -1 0.1925
0 0 0 1
1 0 0 -0.25
0 -1 -1.22465e-16 0.45
0 1.22465e-16 -1 0.195
0 0 0 1
1 0 0 -0.25
0 -1 -1.22465e-16 0.45
0 1.22465e-16 -1 0.1975
0 0 0 1
1 0 0 -0.25
0 -1 -1.22465e-16 0.45
0 1.22465e-16 -1 0.2
0 0 0 1
1 0 0 -0.25
0 -1 -1.22465e-16 0.45
0 1.22465e-16 -1 0.2025
0 0 0 1
1 0 0 -0.25
0 -1 -1.22465e-16 0.45
0 1.22465e-16 -1 0.205
0 0 0 1
1 0 0 -0.25
0 -1 -1.22465e-16 0.45
0 1.22465e-16 -1 0.2075
0 0 0 1
1 0 0 -0.25
0 -1 -1.22465e-16 0.45
0 1.22465e-16 -1 0.21
0 0 0 1
1 0 0 -0.25
0 -1 -1.22465e-16 0.45
0 1.22465e-16 -1 0.2125
0 0 0 1
1 0 0 -0.25
0 -1 -1.22465e-16 0.45
0 1.22465e-16 -1 0.215
0 0 0 1
1 0 0 -0.25
0 -1 -1.22465e-16 0.45
0 1.22465e-16 -1 0.2175
0 0 0 1
1 0 0 -0.25
0 -1 -1.22465e-16 0.45
0 1.22465e-16 -1 0.22
0 0 0 1
1 0 0 -0.25
0 -1 -1.22465e-16 0.45
0 1.22465e-16 -1 0.2225
0 0 0 1
1 0 0 -0.25
0 -1 -1.22465e-16 0.45
0 1.22465e-16 -1 0.225
0 0 0 1
1 0 0 -0.25
0 -1 -1.22465e-16 0.45
0 1.22465e-16 -1 0.2275
0 0 0 1
1 0 0 -0.25
0 -1 -1.22465e-16 0.45
0 1.22465e-16 -1 0.23
0 0 0 1
1 0 0 -0.25
0 -1 -1.22465e-16 0.45
0 1.22465e-16 -1 0.2325
0 0 0 1
1 0 0 -0.25
0 -1 -1.22465e-16 0.45
0 1.22465e-16 -1 0.235
0 0 0 1
1 0 0 -0.25
0 -1 -1.22465e-16 0.45
0 1.22465e-16 -1 0.2375
0 0 0 1
1 0 0 -0.25
0 -1 -1.22465e-16 0.45
0 1.22465e-16 -1 0.24
0 0 0 1
1 0 0 -0.25
0 -1 -1.22465e-16 0.45
0 1.22465e-16 -1 0.2425
0 0 0 1
1 0 0 -0.25
0 -1 -1.22465e-16 0.45
0 1.22465e-16 -1 0.245
0 0 0 1
1 0 0 -0.25
0 -1 -1.22465e-16 0.45
0 1.22465e-16 -1 0.2475
0 0 0 1
1 0 0 -0.25
0 -1 -1.22465e-16 0.45
0 1.22465e-16 -1 0.25
0 0 0 1
1 0 0 -0.25
0 -1 -1.22465e-16 0.45
0 1.22465e-16 -1 0.2525
0 0 0 1
1 0 0 -0.25
0 -1 -1.22465e-16 0.45
0 1.22465e-16 -1 0.255
0 0 0 1
1 0 0 -0.25
0 -1 -1.22465e-16 0.45
0 1.22465e-16 -1 0.2575
0 0 0 1
1 0 0 -0.25
0 -1 -1.22465e-16 0.45
0 1.22465e-16 -1 0.26
0 0 0 1
1 0 0 -0.25
0 -1 -1.22465e-16 0.45
0 1.22465e-16 -1 0.2625
0 0 0 1
1 0 0 -0.25
0 -1 -1.22465e-16 0.45
0 1.22465e-16 -1 0.265
0 0 0 1
1 0 0 -0.25
0 -1 -1.22465e-16 0.45
0 1.22465e-16 -1 0.2675
0 0 0 1
1 0 0 -0.25
0 -1 -1.22465e-16 0.45
0 1.22465e-16 -1 0.27
0 0 0 1
1 0 0 -0.25
0 -1 -1.22465e-16 0.45
0 1.22465e-16 -1 0.2725
0 0 0 1
1 0 0 -0.25
0 -1 -1.22465e-16 0.45
0 1.22465e-16 -1 0.275
0 0 0 1
1 0 0 -0.25
0 -1 -1.22465e-16 0.45
0 1.22465e-16 -1 0.2775
0 0 0 1
1 0 0 -0.25
0 -1 -1.22465e-16 0.45
0 1.22465e-16 -1 0.28
0 0 0 1
1 0 0 -0.25
0 -1 -1.22465e-16 0.45
0 1.22465e-16 -1 0.2825
0 0 0 1
1 0 0 -0.25
0 -1 -1.22465e-16 0.45
0 1.22465e-16 -1 0.285
0 0 0 1
1 0 0 -0.25
0 -1 -1.22465e-16 0.45
0 1.22465e-16 -1 0.2875
0 0 0 1
1 0 0 -0.25
0 -1 -1.22465e-16 0.45
0 1.22465e-16 -1 0.29
0 0 0 1
1 0 0 -0.25
0 -1 -1.22465e-16 0.45
0 1.22465e-16 -1 0.2925
0 0 0 1
1 0 0 -0.25
0 -1 -1.22465e-16 0.45
0 1.22465e-16 -1 0.295
0 0 0 1
1 0 0 -0.25
0 -1 -1.22465e-16 0.45
0 1.22465e-16 -1 0.2975
0 0 0 1
1 0 0 -0.25
0 -1 -1.22465e-16 0.45
0 1.22465e-16 -1 0.3
0 0 0 1
1 0 0 -0.25
0 -1 -1.22465e-16 0.45
0 1.22465e-16 -1 0.3
0 0 0 1
1 0 0 -0.2515
0 -1 -1.22465e-16 0.4475
0 1.22465e-16 -1 0.3015
0 0 0 1
1 0 0 -0.253
0 -1 -1.22465e-16 0.445
0 1.22465e-16 -1 0.303
0 0 0 1
1 0 0 -0.2545
0 -1 -1.22465e-16 0.4425
0 1.22465e-16 -1 0.3045
0 0 0 1
1 0 0 -0.256
0 -1 -1.22465e-16 0.44
0 1.22465e-16 -1 0.306
0 0 0 1
1 0 0 -0.2575
0 -1 -1.22465e-16 0.4375
0 1.22465e-16 -1 0.3075
0 0 0 1
1 0 0 -0.259
0 -1 -1.22465e-16 0.435
0 1.22465e-16 -1 0.309
0 0 0 1
1 0 0 -0.2605
0 -1 -1.22465e-16 0.4325
0 1.22465e-16 -1 0.3105
0 0 0 1
1 0 0 -0.262
0 -1 -1.22465e-16 0.43
0 1.22465e-16 -1 0.312
0 0 0 1
1 0 0 -0.2635
0 -1 -1.22465e-16 0.427499
0 1.22465e-16 -1 0.3135
0 0 0 1
1 0 0 -0.265
0 -1 -1.22465e-16 0.424999
0 1.22465e-16 -1 0.315
0 0 0 1
1 0 0 -0.2665
0 -1 -1.22465e-16 0.422499
0 1.22465e-16 -1 0.3165
0 0 0 1
1 0 0 -0.268
0 -1 -1.22465e-16 0.419999
0 1.22465e-16 -1 0.318
0 0 0 1
1 0 0 -0.2695
0 -1 -1.22465e-16 0.417499
0 1.22465e-16 -1 0.3195
0 0 0 1
1 0 0 -0.271
0 -1 -1.22465e-16 0.414999
0 1.22465e-16 -1 0.321
0 0 0 1
1 0 0 -0.272501
0 -1 -1.22465e-16 0.412499
0 1.22465e-16 -1 0.322501
0 0 0 1
1 0 0 -0.274001
0 -1 -1.22465e-16 0.409999
0 1.22465e-16 -1 0.324001
0 0 0 1
1 0 0 -0.275501
0 -1 -1.22465e-16 0.407499
0 1.22465e-16 -1 0.325501
0 0 0 1
1 0 0 -0.277001
0 -1 -1.22465e-16 0.404999
0 1.22465e-16 -1 0.327001
0 0 0 1
1 0 0 -0.278501
0 -1 -1.22465e-16 0.402499
0 1.22465e-16 -1 0.328501
0 0 0 1
1 0 0 -0.280001
0 -1 -1.22465e-16 0.399999
0 1.22465e-16 -1 0.330001
0 0 0 1
1 0 0 -0.281501
0 -1 -1.22465e-16 0.397499
0 1.22465e-16 -1 0.331501
0 0 0 1
1 0 0 -0.283001
0 -1 -1.22465e-16 0.394999
0 1.22465e-16 -1 0.333001
0 0 0 1
1 0 0 -0.284501
0 -1 -1.22465e-16 0.392499
0 1.22465e-16 -1 0.334501
0 0 0 1
1 0 0 -0.286001
0 -1 -1.22465e-16 0.389999
0 1.22465e-16 -1 0.336001
0 0 0 1
1 0 0 -0.287501
0 -1 -1.22465e-16 0.387499
0 1.22465e-16 -1 0.337501
0 0 0 1
1 0 0 -0.289001
0 -1 -1.22465e-16 0.384999
0 1.22465e-16 -1 0.339001
0 0 0 1
1 0 0 -0.290501
0 -1 -1.22465e-16 0.382498
0 1.22465e-16 -1 0.340501
0 0 0 1
1 0 0 -0.292001
0 -1 -1.22465e-16 0.379998
0 1.22465e-16 -1 0.342001
0 0 0 1
1 0 0 -0.293501
0 -1 -1.22465e-16 0.377498
0 1.22465e-16 -1 0.343501
0 0 0 1
1 0 0 -0.295001
0 -1 -1.22465e-16 0.374998
0 1.22465e-16 -1 0.345001
0 0 0 1
1 0 0 -0.296501
0 -1 -1.22465e-16 0.372498
0 1.22465e-16 -1 0.346501
0 0 0 1
1 0 0 -0.298001
0 -1 -1.22465e-16 0.369998
0 1.22465e-16 -1 0.348001
0 0 0 1
1 0 0 -0.299501
0 -1 -1.22465e-16 0.367498
0 1.22465e-16 -1 0.349501
0 0 0 1
1 0 0 -0.301001
0 -1 -1.22465e-16 0.364998
0 1.22465e-16 -1 0.351001
0 0 0 1
1 0 0 -0.302501
0 -1 -1.22465e-16 0.362498
0 1.22465e-16 -1 0.352501
0 0 0 1
1 0 0 -0.304001
0 -1 -1.22465e-16 0.359998
0 1.22465e-16 -1 0.354001
0 0 0 1
1 0 0 -0.305501
0 -1 -1.22465e-16 0.357498
0 1.22465e-16 -1 0.355501
0 0 0 1
1 0 0 -0.307001
0 -1 -1.22465e-16 0.354998
0 1.22465e-16 -1 0.357001
0 0 0 1
1 0 0 -0.308501
0 -1 -1.22465e-16 0.352498
0 1.22465e-16 -1 0.358501
0 0 0 1
1 0 0 -0.310001
0 -1 -1.22465e-16 0.349998
0 1.22465e-16 -1 0.360001
0 0 0 1
1 0 0 -0.311501
0 -1 -1.22465e-16 0.347498
0 1.22465e-16 -1 0.361501
0 0 0 1
1 0 0 -0.313001
0 -1 -1.22465e-16 0.344998
0 1.22465e-16 -1 0.363001
0 0 0 1
1 0 0 -0.314501
0 -1 -1.22465e-16 0.342498
0 1.22465e-16 -1 0.364501
0 0 0 1
1 0 0 -0.316002
0 -1 -1.22465e-16 0.339997
0 1.22465e-16 -1 0.366002
0 0 0 1
1 0 0 -0.317502
0 -1 -1.22465e-16 0.337497
0 1.22465e-16 -1 0.367502
0 0 0 1
1 0 0 -0.319002
0 -1 -1.22465e-16 0.334997
0 1.22465e-16 -1 0.369002
0 0 0 1
1 0 0 -0.320502
0 -1 -1.22465e-16 0.332497
0 1.22465e-16 -1 0.370502
0 0 0 1
1 0 0 -0.322002
0 -1 -1.22465e-16 0.329997
0 1.22465e-16 -1 0.372002
0 0 0 1
1 0 0 -0.323502
0 -1 -1.22465e-16 0.327497
0 1.22465e-16 -1 0.373502
0 0 0 1
1 0 0 -0.325002
0 -1 -1.22465e-16 0.324997
0 1.22465e-16 -1 0.375002
0 0 0 1
1 0 0 -0.326502
0 -1 -1.22465e-16 0.322497
0 1.22465e-16 -1 0.376502
0 0 0 1
1 0 0 -0.328002
0 -1 -1.22465e-16 0.319997
0 1.22465e-16 -1 0.378002
0 0 0 1
1 0 0 -0.329502
0 -1 -1.22465e-16 0.317497
0 1.22465e-16 -1 0.379502
0 0 0 1
1 0 0 -0.331002
0 -1 -1.22465e-16 0.314997
0 1.22465e-16 -1 0.381002
0 0 0 1
1 0 0 -0.332502
0 -1 -1.22465e-16 0.312497
0 1.22465e-16 -1 0.382502
0 0 0 1
1 0 0 -0.334002
0 -1 -1.22465e-16 0.309997
0 1.22465e-16 -1 0.384002
0 0 0 1
1 0 0 -0.335502
0 -1 -1.22465e-16 0.307497
0 1.22465e-16 -1 0.385502
0 0 0 1
1 0 0 -0.337002
0 -1 -1.22465e-16 0.304997
0 1.22465e-16 -1 0.387002
0 0 0 1
1 0 0 -0.338502
0 -1 -1.22465e-16 0.302497
0 1.22465e-16 -1 0.388502
0 0 0 1
1 0 0 -0.340002
0 -1 -1.22465e-16 0.299997
0 1.22465e-16 -1 0.390002
0 0 0 1
1 0 0 -0.341502
0 -1 -1.22465e-16 0.297497
0 1.22465e-16 -1 0.391502
0 0 0 1
1 0 0 -0.343002
0 -1 -1.22465e-16 0.294996
0 1.22465e-16 -1 0.393002
0 0 0 1
1 0 0 -0.344502
0 -1 -1.22465e-16 0.292496
0 1.22465e-16 -1 0.394502
0 0 0 1
1 0 0 -0.346002
0 -1 -1.22465e-16 0.289996
0 1.22465e-16 -1 0.396002
0 0 0 1
1 0 0 -0.347502
0 -1 -1.22465e-16 0.287496
0 1.22465e-16 -1 0.397502
0 0 0 1
1 0 0 -0.349002
0 -1 -1.22465e-16 0.284996
0 1.22465e-16 -1 0.399002
0 0 0 1
1 0 0 -0.350502
0 -1 -1.22465e-16 0.282496
0 1.22465e-16 -1 0.400502
0 0 0 1
1 0 0 -0.352002
0 -1 -1.22465e-16 0.279996
0 1.22465e-16 -1 0.402002
0 0 0 1
1 0 0 -0.353502
0 -1 -1.22465e-16 0.277496
0 1.22465e-16 -1 0.403502
0 0 0 1
1 0 0 -0.355002
0 -1 -1.22465e-16 0.274996
0 1.22465e-16 -1 0.405002
0 0 0 1
1 0 0 -0.356502
0 -1 -1.22465e-16 0.272496
0 1.22465e-16 -1 0.406502
0 0 0 1
1 0 0 -0.358002
0 -1 -1.22465e-16 0.269996
0 1.22465e-16 -1 0.408002
0 0 0 1
1 0 0 -0.359503
0 -1 -1.22465e-16 0.267496
0 1.22465e-16 -1 0.409503
0 0 0 1
1 0 0 -0.361003
0 -1 -1.22465e-16 0.264996
0 1.22465e-16 -1 0.411003
0 0 0 1
1 0 0 -0.362503
0 -1 -1.22465e-16 0.262496
0 1.22465e-16 -1 0.412503
0 0 0 1
1 0 0 -0.364003
0 -1 -1.22465e-16 0.259996
0 1.22465e-16 -1 0.414003
0 0 0 1
1 0 0 -0.365503
0 -1 -1.22465e-16 0.257496
0 1.22465e-16 -1 0.415503
0 0 0 1
1 0 0 -0.367003
0 -1 -1.22465e-16 0.254996
0 1.22465e-16 -1 0.417003
0 0 0 1
1 0 0 -0.368503
0 -1 -1.22465e-16 0.252495
0 1.22465e-16 -1 0.418503
0 0 0 1
1 0 0 -0.370003
0 -1 -1.22465e-16 0.249995
0 1.22465e-16 -1 0.420003
0 0 0 1
1 0 0 -0.371503
0 -1 -1.22465e-16 0.247495
0 1.22465e-16 -1 0.421503
0 0 0 1
1 0 0 -0.373003
0 -1 -1.22465e-16 0.244995
0 1.22465e-16 -1 0.423003
0 0 0 1
1 0 0 -0.374503
0 -1 -1.22465e-16 0.242495
0 1.22465e-16 -1 0.424503
0 0 0 1
1 0 0 -0.376003
0 -1 -1.22465e-16 0.239995
0 1.22465e-16 -1 0.426003
0 0 0 1
1 0 0 -0.377503
0 -1 -1.22465e-16 0.237495
0 1.22465e-16 -1 0.427503
0 0 0 1
1 0 0 -0.379003
0 -1 -1.22465e-16 0.234995
0 1.22465e-16 -1 0.429003
0 0 0 1
1 0 0 -0.380503
0 -1 -1.22465e-16 0.232495
0 1.22465e-16 -1 0.430503
0 0 0 1
1 0 0 -0.382003
0 -1 -1.22465e-16 0.229995
0 1.22465e-16 -1 0.432003
0 0 0 1
1 0 0 -0.383503
0 -1 -1.22465e-16 0.227495
0 1.22465e-16 -1 0.433503
0 0 0 1
1 0 0 -0.385003
0 -1 -1.22465e-16 0.224995
0 1.22465e-16 -1 0.435003
0 0 0 1
1 0 0 -0.386503
0 -1 -1.22465e-16 0.222495
0 1.22465e-16 -1 0.436503
0 0 0 1
1 0 0 -0.388003
0 -1 -1.22465e-16 0.219995
0 1.22465e-16 -1 0.438003
0 0 0 1
1 0 0 -0.389503
0 -1 -1.22465e-16 0.217495
0 1.22465e-16 -1 0.439503
0 0 0 1
1 0 0 -0.391003
0 -1 -1.22465e-16 0.214995
